000950177-1 000950177 0 4.28
000950188-1 000950188 0.47 6.79
000950195-1 000950195 0.06 7.64
000950206-1 000950206 0 8.53
000950217-1 000950217 0 5.29
000950241-1 000950241 0 6.35
000950271-1 000950271 0.01 10.71
000950369-1 000950369 0.06 8.34
000950428-1 000950428 0 8.26
000950445-1 000950445 0 9.48
000950473-1 000950473 0 2.85
000950487-1 000950487 0 3.26
000950498-1 000950498 0 4.08
000960019-1 000960019 0 4.63
000960030-1 000960030 0 6.41
000960066-1 000960066 0 8.12
000960108-1 000960108 0 7.22
000960129-1 000960129 0 10.1
000960149-1 000960149 0 4.91
000960189-1 000960189 0 9.24
000960229-1 000960229 0 7.31
000960270-1 000960270 0.1 12.05
000960303-1 000960303 0 7.86
000960353-1 000960353 0.14 4.4
000960416-1 000960416 0 6.41
000960473-1 000960473 0 4.23
000960491-1 000960491 0 1.35
000990116-1 000990116 0 4.74
000990150-1 000990150 0.01 6.83
000990163-1 000990163 0 4.77
000990191-1 000990191 0 4.83
000990214-1 000990214 0 7.32
000990261-1 000990261 0 5.69
000990296-1 000990296 0 3.49
000990320-1 000990320 0 5.58
000990338-1 000990338 0 9.35
000990365-1 000990365 0 5.5
000990370-1 000990370 0.29 7.16
000990407-1 000990407 0 6.99
000990430-1 000990430 0 5.19
000990457-1 000990457 0 5.87
000990496-1 000990496 0 5.75
001000014-1 001000014 0.32 4.72
001000029-1 001000029 0 10.44
001000058-1 001000058 0 4.75
001000064-1 001000064 0 4.29
001000083-1 001000083 0.19 8.16
001000099-1 001000099 0 3.9
001000117-1 001000117 0 6.75
001000136-1 001000136 0 4.09
001000143-1 001000143 0.14 4.61
001000168-1 001000168 0 6.32
001000192-1 001000192 0 9.01
001000210-1 001000210 0.1 6.55
001000238-1 001000238 0 7.8
001000287-1 001000287 0.7 6.18
001000299-2 001000299 4.92 8.79
001000309-1 001000309 0.15 4.28
001000332-1 001000332 0.04 4.36
001000346-1 001000346 0 10.72
001000376-1 001000376 0 4.46
001000397-1 001000397 0.01 5.31
001000448-1 001000448 0.21 8.21
001000456-1 001000456 0 5.56
001000495-1 001000495 0 6.11
001010024-1 001010024 0 6.8
001010048-1 001010048 0 4.45
001010069-1 001010069 0 4.1
001010092-1 001010092 0 4.1
001010117-1 001010117 0 4.27
001010148-1 001010148 0 7.95
001010169-1 001010169 0 2.92
001010179-1 001010179 0 5.42
001010203-1 001010203 0 5.27
001010223-1 001010223 0 5.63
001010246-1 001010246 0 9.24
001010253-1 001010253 0 6.16
001010280-1 001010280 0 3.81
001010299-1 001010299 0 4.78
001010317-1 001010317 0 3.95
001010346-1 001010346 0 6.15
001010365-2 001010365 2.18 5.69
001010377-1 001010377 0 6.26
001010385-1 001010385 0 4.92
001010403-1 001010403 0 3.89
001010429-1 001010429 0 5.95
001010440-1 001010440 0 9.5
001010451-1 001010451 0 3.17
001010456-1 001010456 0 2.56
001010462-1 001010462 0 4.26
001010496-1 001010496 0 4.06
001020017-1 001020017 0 5.62
001020057-1 001020057 0 5.17
001020067-1 001020067 0 4.15
001020083-1 001020083 0 3.69
001020106-1 001020106 0 5.85
001020125-1 001020125 0 4.14
001020138-1 001020138 0 6.18
001020160-1 001020160 0.02 5.57
001020176-1 001020176 0.36 8.28
001020186-2 001020186 7.25 9.99
001020221-1 001020221 0.45 9.43
001020242-1 001020242 0.07 5.12
001020256-1 001020256 0.22 8.27
001020263-1 001020263 0 7.88
001020285-1 001020285 0.12 6.01
001020304-1 001020304 0.08 2.53
001020312-1 001020312 0 5.07
001020330-1 001020330 0 4.39
001020345-1 001020345 0 4.84
001020370-2 001020370 6.27 8.62
001020389-1 001020389 0 6.08
001020416-1 001020416 0 5.95
001020446-1 001020446 0.06 9.39
001020478-1 001020478 0.27 3.99
001020486-1 001020486 0.23 7.97
001020496-1 001020496 0.04 3.48
001050010-1 001050010 0 5.39
001050033-1 001050033 0 4.42
001050068-1 001050068 0.02 7.84
001050082-1 001050082 0 4.75
001050098-1 001050098 0 4.13
001050117-1 001050117 0 4.44
001050139-1 001050139 0 7.1
001050148-1 001050148 0.03 4.51
001050167-1 001050167 0 8.54
001050174-1 001050174 0 5.36
001050186-1 001050186 0 6.12
001050200-1 001050200 0 7.6
001050215-1 001050215 0 5.67
001050224-1 001050224 0 9.24
001050244-1 001050244 0 3.08
001050260-1 001050260 0 6.65
001050280-1 001050280 0 6.73
001050298-1 001050298 0 5.15
001050315-1 001050315 0 9.01
001050334-1 001050334 0.01 6.1
001050355-1 001050355 0 5.35
001050381-1 001050381 0 7.5
001050391-1 001050391 0 6.44
001050416-1 001050416 0 5.6
001050430-1 001050430 0.17 5.05
001050440-1 001050440 0 7.01
001050446-1 001050446 0 5.34
001050464-2 001050464 6.37 10.33
001050472-1 001050472 0.64 7.45
001050492-1 001050492 0 5.65
001060028-1 001060028 0 7.39
001060046-1 001060046 0.33 7.5
001060062-2 001060062 9.86 11.3
001060068-2 001060068 2.35 5.49
001060102-1 001060102 0 9.02
001060115-1 001060115 0 6.79
001060127-1 001060127 0 9.93
001060136-1 001060136 0 5.48
001060147-2 001060147 5.54 7.89
001060172-1 001060172 0 11.19
001060187-1 001060187 0 6.51
001060200-1 001060200 0 4.64
001060205-1 001060205 0 7.16
001060216-1 001060216 0 7.24
001060231-1 001060231 0 5.51
001060245-1 001060245 0 5.9
001060270-1 001060270 0 8.13
001060284-1 001060284 0 4.01
001060295-1 001060295 0 5.37
001060311-1 001060311 0.02 5.28
001060326-1 001060326 0 6.93
001060346-1 001060346 0 8.84
001060357-1 001060357 0.04 11.22
001060386-1 001060386 0 6.94
001060399-1 001060399 0 4.14
001060412-1 001060412 0 7.96
001060428-1 001060428 0 6.39
001060460-1 001060460 0.07 6.73
001060475-1 001060475 0.46 6.46
001060483-1 001060483 0 8.59
001060497-1 001060497 0.59 11.08
001070019-1 001070019 0 4.98
001070070-1 001070070 0 5.5
001070094-1 001070094 0 4.24
001070116-1 001070116 0.23 2.22
001070123-2 001070123 5.81 6.52
001070139-2 001070139 3.9 5.08
001070155-1 001070155 0 8.37
001070178-1 001070178 0 5.04
001070189-1 001070189 0 11.96
001070207-1 001070207 0 3.87
001070217-1 001070217 0 5.69
001070235-1 001070235 0.28 5.61
001070243-1 001070243 0 5.21
001070261-1 001070261 0 6.96
001070271-1 001070271 0 3.97
001070284-1 001070284 0 7.07
001070301-1 001070301 0 4.92
001070320-1 001070320 0 4.85
001070330-1 001070330 0 5.99
001070453-1 001070453 0 5.18
001310005-1 001310005 0 5.32
001310011-1 001310011 0 5.06
001310024-1 001310024 0 4.77
001310041-1 001310041 0 5.76
001310056-1 001310056 0 5.68
001310074-1 001310074 0 5.41
001310103-1 001310103 0 5.44
001310119-1 001310119 0 6.94
001310135-1 001310135 0 7.56
001310142-1 001310142 0 6.29
001310158-1 001310158 0 3.88
001310167-1 001310167 0 5.44
001310182-1 001310182 0 4.88
001310194-1 001310194 0 5
001310202-1 001310202 0 8.83
001310207-1 001310207 0 6.7
001310213-1 001310213 0 4.81
001310227-1 001310227 0 6.77
001310233-1 001310233 0 6.68
001310243-1 001310243 0 6.29
001310248-1 001310248 0 4.76
001310254-1 001310254 0 7.63
001310258-1 001310258 0 4.23
001310266-1 001310266 0 7.35
001310273-1 001310273 0 6.54
001310277-1 001310277 0 6.53
001310283-1 001310283 0 6.42
001310288-1 001310288 0 7.1
001310293-1 001310293 0 4.54
001310300-1 001310300 0 3.83
001310309-1 001310309 0 5.1
001310319-1 001310319 0 4.48
001310335-1 001310335 0 5.7
001310346-1 001310346 0 5.25
001310354-1 001310354 0 7.11
001310363-1 001310363 0 7.64
001310395-1 001310395 0 5.42
001310411-1 001310411 0 7.07
001310425-1 001310425 0 8.67
001310440-1 001310440 0 6.12
001310453-1 001310453 0 4.72
001310463-1 001310463 0 5.21
001310475-1 001310475 0 5.94
001310493-1 001310493 0 5.19
001350002-1 001350002 0 7.7
001350010-1 001350010 0 10.1
001350021-1 001350021 0 4.69
001350035-1 001350035 0 4.78
001350039-1 001350039 0 6.28
001350047-1 001350047 0 6.55
001350055-1 001350055 0 9.85
001350069-1 001350069 0 11.16
001350077-1 001350077 0 7.25
001350087-1 001350087 0 10.19
001350092-2 001350092 4.73 5.91
001350204-1 001350204 0 6.5
001350215-1 001350215 0 3.57
001350243-1 001350243 0 7.83
001350254-1 001350254 0 5.49
001350272-1 001350272 0 8.18
001350284-1 001350284 0 4.85
001350291-1 001350291 0 5.56
001350300-1 001350300 0 5.55
001350312-1 001350312 0 6.54
001350318-1 001350318 0 5.22
001350331-1 001350331 0 9.42
001350344-1 001350344 0 8.65
001350356-1 001350356 0 6.13
001350372-1 001350372 0 6.21
001350383-1 001350383 0 14.31
001350389-1 001350389 0 8.29
001350414-1 001350414 0 4.98
001350431-1 001350431 0 7.84
001350444-1 001350444 0 5.16
001350452-1 001350452 0 4.24
001350466-1 001350466 0 3.88
001360005-1 001360005 0 4.62
001360036-1 001360036 0 6.67
001360059-1 001360059 0 5.76
001360070-1 001360070 0 5.4
001360081-1 001360081 0 7.01
001360091-1 001360091 0 4.07
001360104-1 001360104 0 4.58
001360123-1 001360123 0 8.68
001360139-1 001360139 0 6.56
001360151-1 001360151 0 6.76
001360180-1 001360180 0 5.94
001360206-1 001360206 0 3.93
001360226-1 001360226 0 8.18
001360238-1 001360238 0 6.51
001360251-1 001360251 0.07 4.99
001360269-1 001360269 0 6.85
001360289-1 001360289 0 6.02
001360310-1 001360310 0 3.87
001360336-1 001360336 0 7.26
001360348-1 001360348 0 7.27
001360359-1 001360359 0 4.88
001360371-1 001360371 0.11 5.67
001360394-1 001360394 0 4.56
001360413-1 001360413 0 4.94
001360428-1 001360428 0 5.35
001360446-1 001360446 0 5
001360452-1 001360452 0 5.48
001360461-1 001360461 0 7.79
001360467-1 001360467 0.08 6.95
001360474-1 001360474 0.01 6.09
001360490-1 001360490 0 6.32
001370006-1 001370006 0 4.8
001370014-1 001370014 0 8.84
001370036-1 001370036 0 4.86
001370044-1 001370044 0 6.3
001370065-1 001370065 0 5.11
001370073-1 001370073 0 4.53
001370081-1 001370081 0 4.99
001370094-1 001370094 0 6.44
001370105-1 001370105 0 4.11
001370117-1 001370117 0 3.83
001370149-1 001370149 0 5
001370154-1 001370154 0 3.3
001370166-1 001370166 0 6.89
001370180-1 001370180 0 4.89
001370190-1 001370190 0 4.22
001370195-1 001370195 0 5.68
001370205-1 001370205 0 5.16
001370255-1 001370255 0 5.34
001370265-1 001370265 0 4.07
001370293-1 001370293 0 4.37
001370303-1 001370303 0 3.89
001370316-1 001370316 0 4.13
001370334-1 001370334 0 4.41
001370342-1 001370342 0 3.85
001370363-1 001370363 0 7.38
001370379-1 001370379 0 4.04
001370386-1 001370386 0 4.03
001400005-1 001400005 0 7.94
001400016-1 001400016 0 7.04
001400040-1 001400040 0 8.13
001400063-1 001400063 0.08 5.89
001400079-1 001400079 3.24 6.65
001400091-1 001400091 0 6.62
001400099-1 001400099 0 12.94
001400116-1 001400116 0 9.61
001400136-1 001400136 0 8.04
001400149-1 001400149 0 9.34
001400171-1 001400171 0 6.27
001400182-1 001400182 0 5.04
001400212-1 001400212 0 11.08
001400237-2 001400237 2.09 5.19
001400252-1 001400252 0 9.95
001400269-1 001400269 0 5.13
001400278-1 001400278 0.1 6.49
001400292-1 001400292 0 5.91
001400306-1 001400306 0 7.48
001400315-1 001400315 0 12.55
001400320-1 001400320 0 12.18
001400326-1 001400326 0 6.87
001400333-1 001400333 0 8.47
001400339-1 001400339 0 7.69
001400343-1 001400343 0.01 8.77
001400348-1 001400348 0 5.77
001400358-1 001400358 0 5.74
001400365-1 001400365 0 5.85
001400369-1 001400369 0 5.87
001400378-1 001400378 0 9.47
001400383-1 001400383 0 6.4
001400388-1 001400388 0 9.02
001400392-1 001400392 0 6.29
001400397-1 001400397 0 11.26
001400403-2 001400403 1.74 5.41
001400417-1 001400417 0 5.98
001400429-1 001400429 0 6.17
001400453-1 001400453 0 7.39
001400460-1 001400460 0 8.39
001400486-1 001400486 0 4.09
001400500-1 001400500 0 7.9
001820024-1 001820024 0 7.81
001820036-1 001820036 0 1.55
001820054-1 001820054 0 7.92
001820064-1 001820064 0 4.82
001820074-1 001820074 0 5.66
001820087-1 001820087 0 8.34
001820108-1 001820108 0 4.94
001820122-1 001820122 0 5.51
001820146-1 001820146 0.16 4.75
001820178-1 001820178 0 5.65
001820196-1 001820196 0 4.83
001820215-1 001820215 0 4.61
001820230-1 001820230 0 4.89
001820242-1 001820242 0 9.26
001820269-1 001820269 0.21 4.67
001820281-1 001820281 0.08 4.74
001820320-1 001820320 0 13.84
001820340-1 001820340 0 3.82
001820352-1 001820352 0 7.82
001820399-1 001820399 0 11.52
001820409-1 001820409 0.38 5.74
001820424-1 001820424 0.36 4.72
001820441-1 001820441 0.26 8.54
001820454-1 001820454 0 4.53
001820479-1 001820479 0.42 9.92
001830007-1 001830007 0 8.93
001830048-1 001830048 0 4.46
001830067-1 001830067 0 6.48
001830086-2 001830086 3.86 4.74
001830110-1 001830110 0 6.15
001830119-1 001830119 0 6.59
001830133-1 001830133 0 6.03
001830140-1 001830140 0 6.14
001830155-1 001830155 0 11.27
001830169-1 001830169 0 4.44
001830187-1 001830187 0 8.35
001830202-1 001830202 0 6.02
001830229-1 001830229 0 11.12
001830250-1 001830250 0 3.94
001830258-1 001830258 0 9.8
001830270-1 001830270 0 6.54
001830298-1 001830298 0 6.97
001830417-1 001830417 5.72 9.36
001830440-1 001830440 0 11.2
001830449-2 001830449 7.66 8.85
001830468-1 001830468 0 8.18
001830488-1 001830488 0 7.04
001830497-1 001830497 0 9.88
001840020-1 001840020 0 6.88
001840033-1 001840033 0 1.22
001840046-1 001840046 0 5
001840062-1 001840062 0 5.4
001840089-1 001840089 0 5.37
001840109-1 001840109 0 5.88
001840119-1 001840119 0 5.7
001840143-1 001840143 0 4.19
001840149-1 001840149 0 6.69
001840175-1 001840175 0 4.89
001840208-1 001840208 0 5.66
001840235-1 001840235 0 6.75
001840246-1 001840246 0 3.11
001840278-1 001840278 0 5.27
001840298-1 001840298 0.04 3.68
001840311-1 001840311 0.18 2.69
001840339-1 001840339 0 6.13
001840357-1 001840357 0 6.42
001850006-1 001850006 0.23 10.51
001850046-1 001850046 0 5.67
001850059-1 001850059 0.18 6.64
001850074-1 001850074 0 6.24
001850085-1 001850085 0.2 8.7
001850096-1 001850096 0 11.58
001850105-1 001850105 0.27 10.4
001850112-2 001850112 9.94 13.28
001850126-1 001850126 0.21 9.4
001850141-1 001850141 0.38 12.88
001850151-1 001850151 0 5.85
001850168-1 001850168 0 7.21
001850179-1 001850179 0 6.79
001850188-1 001850188 0 9.03
001850197-1 001850197 0.29 6.82
001850209-1 001850209 0 10.24
001850244-1 001850244 0 6.86
001850256-1 001850256 0.14 14.61
001850267-1 001850267 0 8.03
001850294-1 001850294 0 7.41
001850334-1 001850334 0.15 6.49
001850345-1 001850345 0.25 8.59
001850362-1 001850362 0.18 4.38
001850380-1 001850380 0.02 4.34
001850390-1 001850390 0.21 5.46
001850423-1 001850423 0 8.45
001850436-1 001850436 0 4.08
001850452-2 001850452 4.68 8.02
001850480-1 001850480 0 8
001860006-1 001860006 0 4.36
001860020-1 001860020 0 8.86
001860039-1 001860039 0 7.65
001860060-1 001860060 0 4.77
001860082-1 001860082 0 7.15
001860104-1 001860104 0 4.52
001860115-1 001860115 0 6.56
001860126-1 001860126 0 5.07
001860132-2 001860132 2.94 4.38
001860143-1 001860143 0 4.05
001860158-1 001860158 0 4.38
001860180-1 001860180 0 6.87
001860194-1 001860194 0 7.81
001860217-1 001860217 0 5.13
001860224-1 001860224 0 3.91
001860235-1 001860235 0 4.33
001860240-1 001860240 0 5.25
001860262-1 001860262 0 5.16
001860283-1 001860283 0 4.06
001860300-1 001860300 0 7.77
001860314-1 001860314 0 4.25
001860334-1 001860334 0 4.3
001860355-1 001860355 0 7.4
001860370-1 001860370 0 3.94
001860411-1 001860411 0 6
001860440-1 001860440 0 6.47
001860448-1 001860448 0 5.75
001860469-1 001860469 0 5.63
001860479-1 001860479 0 8.42
001870003-1 001870003 0 4.27
001870018-1 001870018 0 5.16
001870026-1 001870026 0.09 6.21
001870037-1 001870037 0 3.36
001870058-1 001870058 0 4.9
001870075-1 001870075 0 6.46
001870121-1 001870121 0 5.39
001870163-1 001870163 0 8.6
001870176-1 001870176 0 9.15
001870197-1 001870197 0.02 7.12
001870209-1 001870209 0 4.44
001870221-1 001870221 0 7.24
001870238-1 001870238 0 10.91
001870269-1 001870269 4.42 6.83
001870277-1 001870277 0.24 7.77
001870312-1 001870312 0 11.27
001870321-2 001870321 4.5 7.7
001870330-1 001870330 0 7.28
001870347-1 001870347 0.67 2.33
001870361-1 001870361 0 10.09
001870370-1 001870370 0.2 5.92
001870387-1 001870387 0.01 6.21
001870407-1 001870407 0.34 12.74
001870423-1 001870423 0 7.94
001870444-1 001870444 0 8.85
001870456-1 001870456 0.18 14.59
001870471-1 001870471 0.2 6.35
001870484-1 001870484 0 4.74
001870498-1 001870498 0 11.93
001880011-1 001880011 0 6.33
001880027-1 001880027 0 5.01
001880046-1 001880046 0.13 5.73
001880075-1 001880075 0 4.51
001880099-1 001880099 0 4.75
001880113-1 001880113 0 5.59
001880136-1 001880136 0 5.46
001880163-1 001880163 0 4.34
001880187-1 001880187 0 5.21
001880200-1 001880200 0 3.91
001880213-1 001880213 0 4.04
001880229-1 001880229 0 5.87
001880243-1 001880243 0 3.12
001880252-1 001880252 0 6.11
001880270-1 001880270 0 3.99
001880288-2 001880288 4.25 5.98
001880314-1 001880314 0 5.34
001880329-1 001880329 0 7.81
001880346-1 001880346 0 5.04
001880360-1 001880360 0 6.18
001880369-1 001880369 0 4.84
001880377-1 001880377 0 8.91
001880395-1 001880395 0 10.5
001880409-1 001880409 0 5.35
001880418-1 001880418 0 6.74
001880431-1 001880431 0 5.22
001880446-1 001880446 0 6.18
001880455-1 001880455 0 6.06
001880461-2 001880461 4.74 6.03
001880482-1 001880482 0 4.62
001890007-1 001890007 0 3.14
001890017-1 001890017 0 7.37
001890031-1 001890031 0 7.25
001890061-1 001890061 0 7.8
001890079-1 001890079 0 8.06
001890088-1 001890088 0 5.52
001890112-1 001890112 0 4.67
001890127-1 001890127 0 5.76
001890142-1 001890142 0 6.63
001890161-1 001890161 0 5.74
001890184-1 001890184 0 7.95
001890201-1 001890201 0 10.55
001890221-1 001890221 0 5.45
001890242-1 001890242 0 7.2
001890274-1 001890274 0 7.73
001890289-1 001890289 0 4.47
001890301-1 001890301 0.01 9.31
001890325-1 001890325 0 9.32
001890341-1 001890341 0 5.65
001890366-1 001890366 0.25 5.29
001890387-1 001890387 0 5.26
001890405-1 001890405 0 7.45
001890417-1 001890417 0.25 7.13
001890436-1 001890436 0 7.76
001890450-1 001890450 0.24 6.54
001890481-1 001890481 0 3.68
001890493-1 001890493 0 4.93
001900034-1 001900034 0 4.49
001900077-1 001900077 0 5.32
001900100-1 001900100 0 4.65
001900129-1 001900129 0 5.53
001900138-1 001900138 0 8.77
001900176-1 001900176 0 3.43
001900193-1 001900193 0 4.82
001900221-1 001900221 0 5.31
001900281-1 001900281 0 3.93
001900327-2 001900327 5.66 7.23
001900338-1 001900338 0 3.8
001900346-1 001900346 0 6.42
001900352-1 001900352 0 8.56
001900361-1 001900361 0 9.13
001900377-1 001900377 0 5.97
001900399-1 001900399 0 4.08
001900418-1 001900418 0 5.27
001900433-1 001900433 0 7.01
001900460-1 001900460 0 6.95
001900474-1 001900474 0 6.08
001910003-1 001910003 0.12 5.38
001910018-1 001910018 0 5.2
001910050-1 001910050 0 4.84
001910080-1 001910080 0 3.38
001910099-1 001910099 0 7.31
001910121-1 001910121 0 4.16
001910161-1 001910161 0 5.08
001910222-1 001910222 0 4.24
001910309-1 001910309 0 5.99
001910379-1 001910379 0 4.72
001910463-1 001910463 0 5.54
001920005-1 001920005 0 5.31
001920016-1 001920016 0 12.85
001920070-1 001920070 0 4.91
001920084-1 001920084 0 4.76
001920106-1 001920106 0 7.54
001920133-1 001920133 0 8.79
001920142-1 001920142 0 4.97
001920153-1 001920153 0 7.14
001920159-1 001920159 0.27 5.67
001920171-1 001920171 0 7.25
001920187-1 001920187 0 8.29
001920196-1 001920196 0 4.94
001920205-1 001920205 0 8.85
001920209-2 001920209 3.13 6.61
001920212-2 001920212 14.19 17.68
001920215-1 001920215 0 8.46
001920223-1 001920223 0 9.4
001920228-1 001920228 0 2.08
001920231-1 001920231 0 7.92
001920241-1 001920241 0 4.57
001920246-1 001920246 0 4.6
001920251-1 001920251 0 5.21
001920259-1 001920259 0 1.44
001920264-1 001920264 0 5.06
001920273-1 001920273 0 5.2
001920275-1 001920275 0 2.9
001920278-1 001920278 0 4.94
001920288-1 001920288 8.33 15.25
001920296-1 001920296 0 6.37
001920306-1 001920306 0 6.98
001920335-1 001920335 0 7.18
001920370-1 001920370 0 6.04
001920403-1 001920403 0 6.75
001920431-1 001920431 0 4.19
001920454-1 001920454 0 5.14
001950005-1 001950005 0 6.57
001950044-1 001950044 0 10.28
001950090-1 001950090 0 5.6
001950128-1 001950128 0 7.23
001950156-1 001950156 0 5.62
001950201-1 001950201 0 9.47
001950210-1 001950210 0 10.49
001950215-1 001950215 0 7.61
001950224-1 001950224 0 6.88
001950232-1 001950232 0.26 9.11
001950239-1 001950239 0 8.39
001950243-1 001950243 0 8.01
001950255-1 001950255 0.06 7.5
001950263-1 001950263 0.15 7.82
001950269-1 001950269 0 7.26
001950281-1 001950281 0 10.15
001950286-1 001950286 0 2.29
001950292-1 001950292 0 6.5
001950295-1 001950295 0 6.62
001950420-1 001950420 0 3.05
001950434-1 001950434 0 5.05
001950484-1 001950484 0 12.85
001960017-1 001960017 0 5.6
001960071-1 001960071 0 7.86
001960093-1 001960093 0 6.49
001960107-1 001960107 0 4.91
001960121-1 001960121 0 5.28
001960132-1 001960132 0 7.28
001960148-1 001960148 0 9.03
001960160-1 001960160 0 3.89
001960178-1 001960178 0 9.06
001960196-1 001960196 0.15 4.6
001960213-1 001960213 0 10.44
001960217-1 001960217 0 6.46
001960230-1 001960230 0 9.25
001960247-1 001960247 0 4.72
001960265-1 001960265 0.24 7.12
001960273-1 001960273 0 5.49
001960282-1 001960282 0 6.68
001960293-1 001960293 0 6.07
001960312-1 001960312 0 5.36
001960321-1 001960321 0 5.98
001960351-1 001960351 0.7 5.79
001960364-1 001960364 0 5.72
001960386-1 001960386 0.24 6.2
001960423-1 001960423 0 5.49
001960450-1 001960450 0 4.06
001960476-1 001960476 0 5.53
001960492-1 001960492 0 4.07
001970029-1 001970029 0 5.29
001970072-1 001970072 0 5.47
001970083-1 001970083 0.26 10.26
001970104-1 001970104 0 9.28
001970124-1 001970124 0 7.11
001970160-1 001970160 0 5.57
001970187-1 001970187 0 7.42
001970212-1 001970212 0 5.72
001970230-1 001970230 0 5.22
001970262-1 001970262 0 8.95
001970275-1 001970275 0 4.43
001970311-1 001970311 0 7
001970333-1 001970333 0 8.32
001970350-1 001970350 0 9.77
001970363-1 001970363 0 8.1
001970374-1 001970374 0 5.45
001970389-1 001970389 0 8.08
001970404-1 001970404 0.27 11.93
001970425-1 001970425 0 6.84
001970434-1 001970434 0 4.52
001970446-1 001970446 0 6.43
001970464-1 001970464 0 3.58
001970473-1 001970473 0 4.04
001970488-1 001970488 0 7.89
001980007-1 001980007 0.18 6.57
001980031-1 001980031 0.15 6.97
001980107-1 001980107 0 10.24
001980112-2 001980112 3.18 6.11
001980117-1 001980117 0.17 6.26
001980130-1 001980130 0 6.79
001980137-2 001980137 8.31 13.48
001980149-1 001980149 0.07 6.32
001980159-1 001980159 0 3.58
001980168-1 001980168 0.19 4.74
001980179-1 001980179 0.01 7.49
001980185-1 001980185 0 7.01
001980197-1 001980197 0 7.14
001980245-1 001980245 0 4.29
001980302-1 001980302 0 8.01
001980332-1 001980332 0 8.6
001980384-1 001980384 0 11.22
001980391-1 001980391 0.02 8.93
001980403-1 001980403 0.33 13.25
001980408-1 001980408 0 9.61
001980413-1 001980413 0 7
001980421-1 001980421 0 5.36
001980426-1 001980426 0.27 10.72
001980432-2 001980432 4.36 9.68
001980442-1 001980442 0.25 8.76
001980459-1 001980459 0 10.74
001980464-1 001980464 0.09 11.45
001980469-1 001980469 0 10.39
001980479-1 001980479 0 6.27
001980486-1 001980486 0 10.73
001980500-1 001980500 0.2 8.88
001990078-1 001990078 0 5.73
001990121-1 001990121 0 3.96
001990147-1 001990147 0 4.08
001990176-1 001990176 0 5.76
001990206-1 001990206 0 6.66
001990224-1 001990224 0.27 5.46
001990232-1 001990232 0.02 5.54
001990238-1 001990238 0 5.48
001990247-1 001990247 0.1 4.84
001990260-1 001990260 0 4.43
001990276-1 001990276 0 5.75
001990295-1 001990295 0.07 7.59
001990298-2 001990298 6.6 8.15
001990403-1 001990403 0.14 6.18
001990416-1 001990416 0 4.61
001990427-1 001990427 0.07 6.59
001990431-1 001990431 0 5.43
001990441-1 001990441 0 9.47
001990448-1 001990448 0.14 5.17
001990462-1 001990462 0 6.28
001990466-1 001990466 0 5.17
001990477-1 001990477 0 5.43
001990487-1 001990487 0.06 5.05
002000002-1 002000002 0 7.17
002000030-1 002000030 0.25 5.61
002000057-1 002000057 0.16 4.69
002000070-1 002000070 0 6.92
002000094-1 002000094 0 5.71
002000101-1 002000101 0 10.03
002000106-2 002000106 4.19 8.25
002000118-1 002000118 0 4.73
002000139-1 002000139 0 6.07
002000153-1 002000153 0 10.15
002000165-1 002000165 0 7.92
002000187-1 002000187 0 8.36
002000193-1 002000193 0 10.55
002000301-1 002000301 0 7.24
002000313-1 002000313 0 3.89
002000323-1 002000323 0 5.02
002000331-1 002000331 0 7.07
002000341-1 002000341 0 5.72
002000358-1 002000358 0 8.8
002000372-1 002000372 0 6.17
002000391-1 002000391 0 6.94
002000404-1 002000404 0 8.75
002000425-1 002000425 0.55 4.07
002000438-1 002000438 0 7.27
002000458-1 002000458 0 5.73
002000462-1 002000462 0 9.15
002000475-1 002000475 0 10.87
002000490-1 002000490 0 6.72
002000499-1 002000499 0 5.77
002010017-1 002010017 0 5.29
002010050-1 002010050 0 4.62
002010064-1 002010064 0 9.77
002010078-1 002010078 0 5.54
002010094-1 002010094 0 8.17
002010141-1 002010141 0 4
002010161-1 002010161 0 5.73
002010173-1 002010173 0 4.84
002010226-1 002010226 0 5.53
002010241-1 002010241 0 8.67
002010261-1 002010261 0 2.26
002010281-1 002010281 0 4.41
002010291-1 002010291 0 6.36
002010305-1 002010305 0 7.49
002010318-1 002010318 0 6.22
002010340-1 002010340 0 4.14
002010346-2 002010346 1.37 5.84
002010361-1 002010361 0 2.68
002010373-1 002010373 0 3.97
002010379-1 002010379 0 3.93
002010388-1 002010388 0 2.73
002010390-2 002010390 2.14 4.28
002010403-1 002010403 0 5
002010419-1 002010419 0 3.8
002010439-1 002010439 0 5.53
002010470-1 002010470 0 6.02
002010483-1 002010483 0 5.52
002020002-1 002020002 0.08 4.35
002020008-1 002020008 0.29 7.03
002020029-1 002020029 0 5.9
002020049-1 002020049 0 4.51
002020067-1 002020067 0.06 6.23
002020074-1 002020074 0 7.6
002020092-1 002020092 0.15 8.11
002020104-1 002020104 0 7.95
002020111-1 002020111 0 6.56
002020116-1 002020116 0 6.96
002020124-1 002020124 0 11.96
002020129-1 002020129 0 3.86
002020134-1 002020134 0 5.05
002020146-1 002020146 0 5.09
002020152-1 002020152 0 4.94
002020164-1 002020164 0 3.7
002020170-1 002020170 0 4.44
002020176-1 002020176 0 6.07
002020183-1 002020183 0.02 5.39
002020188-1 002020188 0 10.7
002020195-1 002020195 0 7.61
002020223-1 002020223 0 4.67
002020260-1 002020260 0 7.28
002020315-1 002020315 0 4.67
002020358-1 002020358 0 4
002020372-1 002020372 0 5.37
002020394-1 002020394 0 4.44
002020421-1 002020421 0 5.61
002020440-1 002020440 0 7.35
002030017-1 002030017 0 6.17
002030057-1 002030057 0 4.25
002030094-1 002030094 0 10.02
002030127-1 002030127 0 4.1
002030170-1 002030170 0 5.1
002030188-1 002030188 0 3.45
002030220-1 002030220 0 4.88
002030248-1 002030248 0 3.46
002030288-1 002030288 0 4.61
002030328-1 002030328 0 4.04
002030387-1 002030387 0 4.23
002030430-1 002030430 0.11 4.16
002030438-1 002030438 0 4.88
002030470-1 002030470 0 3.92
002030485-1 002030485 0.04 5.38
002040006-1 002040006 0.32 7.85
002040015-1 002040015 0 5.82
002040026-1 002040026 0.15 4.34
002040037-1 002040037 0 5.9
002040046-1 002040046 0 5.53
002040062-1 002040062 0 8.48
002040074-1 002040074 0 5.82
002040090-1 002040090 0 6.96
002040096-1 002040096 0.2 4.99
002040114-1 002040114 0 5.62
002040133-1 002040133 0 5.93
002040172-1 002040172 0 5.04
002040186-1 002040186 0 4.39
002040200-1 002040200 0 5.67
002040268-1 002040268 0 6.48
002040292-1 002040292 0 5.28
002040315-1 002040315 0 7.22
002040340-1 002040340 0 6.18
002040348-1 002040348 0 5.11
002040361-1 002040361 1.01 5.97
002040368-1 002040368 0 4.32
002040382-1 002040382 0 4.95
002040400-1 002040400 0 6.59
002040419-1 002040419 0 4.7
002040427-1 002040427 0 4.59
002040446-1 002040446 0 5.49
002040453-1 002040453 0 5.16
002040486-1 002040486 0 3.4
002040500-1 002040500 0 4.15
002060049-1 002060049 0 5.37
002060073-1 002060073 0 7.65
002060102-1 002060102 0 5.33
002060120-1 002060120 0 9.7
002060137-1 002060137 0.75 10.23
002060146-1 002060146 0.23 2.39
002060152-1 002060152 0.23 6.56
002060187-1 002060187 0 8.21
002060204-1 002060204 0 6.14
002060255-1 002060255 0.06 8.49
002060401-1 002060401 0 9.26
002060425-1 002060425 0 8.51
002060440-1 002060440 0.07 2.58
002060482-2 002060482 5.54 7.4
002060489-1 002060489 0.93 8.51
002070019-1 002070019 0.23 7.99
002070042-1 002070042 0.05 3.4
002070062-1 002070062 0 4.4
002070093-1 002070093 0 3.89
002070146-1 002070146 0 8.02
002070197-1 002070197 0.15 5.87
002070201-1 002070201 0 1.39
002070227-1 002070227 0 4.72
002070244-1 002070244 0 6.97
002070257-1 002070257 0 6.19
002070289-1 002070289 0.01 5
002070369-1 002070369 0.2 5.12
002070408-1 002070408 0.25 3.38
002070415-1 002070415 0.11 4.56
002070428-1 002070428 2.53 6.78
002070457-1 002070457 0.23 5.01
002070470-1 002070470 4.69 8.39
002080001-1 002080001 0 4.21
002080019-1 002080019 0 5.57
002080036-1 002080036 0 9.37
002080054-1 002080054 0 5.46
002080076-1 002080076 0.15 5.24
002080089-1 002080089 0.02 5.17
002080102-1 002080102 0 6.22
002080114-1 002080114 0 5.9
002080126-1 002080126 0 9.05
002080143-1 002080143 0 4.97
002080151-1 002080151 0 7.89
002080177-1 002080177 0.64 11.33
002080190-1 002080190 0.33 9.28
002080243-1 002080243 0 7.54
002080313-1 002080313 0 6.63
002080324-1 002080324 0 6.9
002080345-1 002080345 0 9.02
002080357-1 002080357 0 4.33
002080381-1 002080381 0 7.21
002080402-1 002080402 0 7.14
002080414-1 002080414 0 5.94
002080424-1 002080424 0 6.09
002080441-1 002080441 0 7.09
002080446-1 002080446 0 5.45
002080457-1 002080457 0 6.41
002080466-1 002080466 0 5.6
002080478-1 002080478 0 10.24
002080485-1 002080485 0 6.96
002080497-1 002080497 0 7.55
002090007-1 002090007 0 6.25
002090020-1 002090020 0 6.86
002090040-1 002090040 0 6.04
002090056-1 002090056 0 5.32
002090070-1 002090070 0 3.92
002090082-1 002090082 0 6.65
002090089-1 002090089 0 4.64
002090100-1 002090100 0 7.14
002090172-1 002090172 0 6.13
002090246-1 002090246 0 6.48
002090303-1 002090303 0.36 5.92
002090335-1 002090335 0.42 7.21
002090357-1 002090357 0 7.08
002090382-1 002090382 0.4 7.73
002090413-1 002090413 0 7.85
002090434-1 002090434 0 4.94
002100021-1 002100021 0 5.01
002100051-1 002100051 0 4.87
002100080-1 002100080 0 6.87
002100090-1 002100090 0 10.39
002100104-1 002100104 0 8.45
002100111-1 002100111 0 6.55
002100133-1 002100133 0 6.32
002100142-1 002100142 0 9.43
002100150-1 002100150 0 6.22
002100178-1 002100178 0 7
002100187-1 002100187 0 5.99
002100209-1 002100209 0 7.6
002100225-1 002100225 0 10.37
002100237-1 002100237 0 8.82
002100255-1 002100255 0 9.63
002100281-1 002100281 0 7.36
002100290-1 002100290 0 5.94
002100305-1 002100305 0 3.91
002100315-1 002100315 0 9.2
002100351-1 002100351 0 9.65
002100374-1 002100374 0 9.42
002100392-1 002100392 0.28 5.27
002100414-1 002100414 0.17 5.47
002100436-1 002100436 0 4.77
002100462-1 002100462 0 7.45
002100481-1 002100481 0 4.49
002110001-1 002110001 0.03 5.19
002110010-1 002110010 0 5.72
002110019-1 002110019 0 8.39
002110029-1 002110029 0 6.79
002110044-1 002110044 0.45 6.62
002110059-1 002110059 0 8.05
002110071-1 002110071 0 7.98
002110081-1 002110081 0 9.6
002110090-1 002110090 0 7.11
002110101-1 002110101 0 8.08
002110115-1 002110115 0 5.12
002110128-1 002110128 0 10.73
002110135-2 002110135 5.01 6.44
002110161-1 002110161 0 8.28
002110181-1 002110181 0 4.98
002110190-1 002110190 0 10.05
002110199-2 002110199 3.58 6.21
002110207-1 002110207 0.14 6.35
002110215-1 002110215 0 5.95
002110220-1 002110220 0 6.26
002110224-1 002110224 0.05 7.23
002110228-2 002110228 5.95 8.59
002110234-1 002110234 0 4.7
002110240-1 002110240 0.11 6.35
002110245-1 002110245 0 5.37
002110251-1 002110251 0.37 6.38
002110255-1 002110255 0 7.48
002110261-1 002110261 0.17 8.4
002110275-1 002110275 0 5.04
002110285-1 002110285 0 4.71
002110290-1 002110290 0 6.62
002110297-1 002110297 0 2.31
002110301-1 002110301 0 4.9
002110308-2 002110308 2.81 9.24
002110312-1 002110312 0.03 10.02
002110329-1 002110329 0.15 2.59
002110337-1 002110337 0 6.98
002110350-1 002110350 0 8.96
002110356-1 002110356 0 8.44
002110365-1 002110365 0 6.63
002110375-1 002110375 0 7.68
002110382-1 002110382 0 7.35
002110386-1 002110386 0 8.07
002110393-1 002110393 0 4.34
002110411-1 002110411 0 4.54
002110448-1 002110448 0 4.05
002110475-1 002110475 0 4.97
002110485-1 002110485 0 4.32
002120011-1 002120011 0 7.15
002120060-1 002120060 0 6.83
002120104-1 002120104 0 7.59
002120120-1 002120120 0 5.86
002120141-1 002120141 0 7.36
002120169-1 002120169 0 6.81
002120195-1 002120195 0.44 5.9
002120207-1 002120207 0 5.03
002120219-1 002120219 0 3.34
002120232-1 002120232 0 10.22
002120251-1 002120251 0 14.39
002120258-1 002120258 0 4.59
002120266-1 002120266 0 7.15
002120283-1 002120283 0 3.29
002120288-1 002120288 0 5.94
002120295-1 002120295 0 6.5
002120308-1 002120308 0 3.91
002120324-1 002120324 0 3.6
002120329-1 002120329 0 5.08
