000470121-1 000470121 0 4.09
000470154-1 000470154 0 6.34
000470200-1 000470200 0 5.33
000470219-1 000470219 0 4.58
000470242-1 000470242 0 5.26
000470294-1 000470294 0 3.2
000470315-1 000470315 0 7.88
000470329-1 000470329 0 3.23
000470387-1 000470387 0 4.01
000470413-1 000470413 0 3.96
000470420-1 000470420 0 5.96
000470428-1 000470428 0 3.91
000470440-1 000470440 0 9.11
000470455-1 000470455 0 8.67
000470480-1 000470480 0 5.15
000480021-1 000480021 0 5.68
000480055-1 000480055 0 5.06
000480076-1 000480076 0 6.33
000480101-1 000480101 0 5.58
000480134-1 000480134 0 3.95
000480178-1 000480178 0.23 4.84
000480203-1 000480203 0 3.39
000480228-1 000480228 0 3.38
000480275-1 000480275 0.04 5.39
000480367-1 000480367 0.02 4.59
000480422-1 000480422 0.1 7.5
000480444-1 000480444 0 5.27
000480473-1 000480473 0 5.1
000480491-2 000480491 6.34 9.02
000490023-1 000490023 0 4.64
000490032-1 000490032 0 6.37
000490047-1 000490047 0 7.82
000490061-1 000490061 0 3.89
000490075-1 000490075 0 4.09
000490090-1 000490090 0.48 6.96
000490117-1 000490117 0 5.92
000490144-1 000490144 0 4.85
000490180-1 000490180 0.27 4.81
000490211-1 000490211 0 4.56
000490226-1 000490226 0 4.76
000490257-1 000490257 0.33 6.37
000490268-1 000490268 0 3.58
000490281-1 000490281 0 4.29
000490292-1 000490292 0 4.53
000490301-1 000490301 0.19 5.09
000490309-1 000490309 0 5.4
000490319-1 000490319 0.19 4.83
000490330-1 000490330 0 4.34
000490341-1 000490341 0 3.57
000490349-1 000490349 0 3.17
000490359-1 000490359 0.12 5.3
000490377-1 000490377 0 4.03
000490389-1 000490389 0 4.12
000490401-1 000490401 0.06 6.09
000490416-1 000490416 0 4.83
000490428-1 000490428 0 6.37
000490439-1 000490439 0 4.22
000490447-1 000490447 0 3.62
000490466-1 000490466 0.06 4.8
000490474-1 000490474 0.01 4.55
000490492-1 000490492 0 5.21
000500019-1 000500019 0 4.81
000500032-1 000500032 0 7.26
000500058-1 000500058 0 4.21
000500071-1 000500071 0 6.01
000500083-1 000500083 0 5.95
000500140-1 000500140 0 8.01
000500169-1 000500169 0 3.77
000500220-1 000500220 0.2 6.02
000500239-1 000500239 0 6.05
000500258-1 000500258 0.06 3.77
000500283-1 000500283 0 4.7
000500309-1 000500309 0.21 9.27
000500323-1 000500323 0.16 6.9
000500353-1 000500353 0.41 7.4
000500362-1 000500362 0.24 5.69
000500383-1 000500383 0.27 5.78
000500399-1 000500399 0 7.53
000500427-1 000500427 0 4.06
000500450-1 000500450 0 5.79
000500478-1 000500478 0.14 4.43
000500495-1 000500495 0.2 5.01
000510027-1 000510027 0.09 4.7
000510051-1 000510051 0.02 12.61
000510066-1 000510066 0.01 6.34
000510088-1 000510088 0 5.87
000510113-1 000510113 0 4.49
000510125-1 000510125 0 6.12
000510152-2 000510152 1.51 4.63
000510166-1 000510166 0 6.23
000510176-1 000510176 0 8.33
000510185-1 000510185 0.25 5.88
000510192-1 000510192 0 4.61
000510197-1 000510197 0 6.11
000510211-1 000510211 0 8.93
000510219-1 000510219 0 4.72
000510230-1 000510230 0 2.49
000510237-1 000510237 0 4.22
000510246-1 000510246 0 4.09
000510258-1 000510258 0 5.59
000510268-1 000510268 0 5.56
000510282-1 000510282 0 5.7
000510299-1 000510299 0 5.48
000510311-1 000510311 0 3.92
000510320-1 000510320 0 4.02
000510330-1 000510330 0.25 5.64
000510340-1 000510340 0 4.46
000510352-1 000510352 0.16 4.77
000510361-1 000510361 0 4.69
000510367-1 000510367 0 3.82
000510381-1 000510381 0 4.76
000510387-1 000510387 0 5.31
000510393-1 000510393 0 2.59
000510411-1 000510411 0 4.2
000510432-1 000510432 0 4.42
000510487-1 000510487 0 5.3
000510498-1 000510498 0 4.25
000530011-1 000530011 0 10.8
000530023-1 000530023 1.2 6.9
000530028-1 000530028 0 6.31
000530036-1 000530036 0 6.23
000530049-1 000530049 1.02 4.35
000530056-1 000530056 0 6.29
000530064-1 000530064 0 8.8
000530070-1 000530070 0 9.42
000530076-1 000530076 0.16 7.87
000530084-1 000530084 0 8.92
000530103-1 000530103 0 8.21
000530109-1 000530109 0 5.92
000530114-1 000530114 0 5.73
000530125-1 000530125 0 7.06
000530131-1 000530131 0 6.83
000530138-1 000530138 0 4.46
000530152-1 000530152 0 5.01
000530161-1 000530161 0 8.36
000530170-1 000530170 0 4.16
000530173-2 000530173 10.06 14.03
000530179-2 000530179 3.2 4.41
000530184-1 000530184 0 3.92
000530190-1 000530190 0 4.32
000530201-1 000530201 0 5.91
000530210-1 000530210 4.43 9.16
000530229-1 000530229 0 4.84
000530237-1 000530237 0 4.62
000530267-1 000530267 0 5.17
000530284-1 000530284 0 3.11
000530290-1 000530290 0 3.77
000530303-1 000530303 0 3.97
000530321-1 000530321 0 4.3
000530346-1 000530346 0 8.84
000530369-1 000530369 0 4.14
000530381-1 000530381 0 5.83
000530389-1 000530389 0 3.02
000530397-1 000530397 0 4.3
000530403-1 000530403 0 7.51
000530414-1 000530414 0 7.97
000530421-1 000530421 0 5.87
000530429-1 000530429 0.01 6.58
000530445-1 000530445 0 8.66
000530453-1 000530453 0 4.4
000530460-1 000530460 0 4.9
000530469-1 000530469 0 3.98
000530488-1 000530488 0 6.41
000530497-1 000530497 0 5.58
000540017-1 000540017 0.21 4.81
000540058-1 000540058 0.33 6.49
000540101-1 000540101 0.25 6.67
000540108-1 000540108 0.17 5.64
000540131-1 000540131 0.15 4.4
000540138-1 000540138 0 5.2
000540153-1 000540153 0 2.97
000540158-1 000540158 0 7.66
000540167-1 000540167 0.57 5.58
000540171-1 000540171 0 6.15
000540184-1 000540184 0 7.8
000540195-1 000540195 0.31 6.81
000540205-1 000540205 0 5.49
000540227-1 000540227 4.49 6.98
000540237-2 000540237 4.73 8.18
000540245-1 000540245 0 3.77
000540249-1 000540249 0 7.77
000540258-1 000540258 0 6.82
000540268-1 000540268 0 4.97
000540272-1 000540272 0 2.51
000540280-1 000540280 0 3.75
000540286-1 000540286 0 4.77
000540292-1 000540292 0.61 2.48
000540318-1 000540318 0 4.12
000540353-1 000540353 0 4.16
000540447-1 000540447 0.03 3.62
000550003-1 000550003 0 4.3
000550009-1 000550009 0.37 5.38
000550016-1 000550016 0 5.39
000550028-1 000550028 0.09 5.96
000550038-1 000550038 0 4.54
000550045-1 000550045 0 7.8
000550052-1 000550052 0 5.32
000550060-1 000550060 0 9
000550070-1 000550070 0 5.38
000550077-1 000550077 0 4.16
000550090-1 000550090 0 4.03
000550102-1 000550102 0 5.67
000550109-1 000550109 0.1 5.21
000550125-1 000550125 0 6.54
000550132-1 000550132 0.09 6.28
000550143-1 000550143 0 3.34
000550148-1 000550148 0 4.91
000550155-1 000550155 0 4.63
000550162-1 000550162 0 3.1
000550170-1 000550170 0 4.66
000550175-1 000550175 0 4.35
000550184-1 000550184 0 4.44
000550194-1 000550194 0 4.12
000550202-1 000550202 0 3.75
000550214-1 000550214 0 4.33
000550225-1 000550225 0 5.42
000550236-1 000550236 0 3.84
000550258-1 000550258 0 5.6
000550268-1 000550268 0.02 4.04
000550283-1 000550283 0 4.16
000550293-1 000550293 0 5.51
000550305-1 000550305 0 3.75
000550310-1 000550310 0 4.01
000550318-1 000550318 0 5.44
000550324-1 000550324 0 4.28
000550328-1 000550328 0 4.62
000550339-1 000550339 0 4.04
000550352-1 000550352 0.07 4.48
000550363-1 000550363 0 4.16
000550370-1 000550370 0 5.79
000550377-1 000550377 0 3.87
000550387-1 000550387 0 6.41
000550394-1 000550394 0.07 5.82
000550409-1 000550409 0 6.01
000550419-1 000550419 0 3.84
000550429-1 000550429 0.35 4.14
000550436-1 000550436 0 5.98
000550443-1 000550443 0 3.87
000550455-1 000550455 0 3.1
000550470-1 000550470 0 3.64
000550482-1 000550482 0 3.88
000550490-1 000550490 0 4.55
000550499-1 000550499 0 4.75
000560011-1 000560011 0 6.72
000560022-1 000560022 0 5.65
000560039-1 000560039 0 5.12
000560047-1 000560047 0 4.87
000560065-1 000560065 0 6.17
000560074-1 000560074 0 4.97
000560092-1 000560092 0 3.38
000560099-1 000560099 0 3.35
000560109-1 000560109 0 5.59
000560125-1 000560125 0 4.18
000560139-1 000560139 0 3.17
000560163-1 000560163 0 3.28
000560184-1 000560184 0 4.34
000560208-1 000560208 0 5.79
000560224-1 000560224 0 5.11
000560236-1 000560236 0 3.65
000560253-1 000560253 0 4.24
000560262-1 000560262 0 3.4
000560268-1 000560268 0 4.02
000560277-1 000560277 0 3.88
000560282-1 000560282 0 2.81
000560293-1 000560293 0 5.22
000560302-1 000560302 0 4.57
000560311-1 000560311 0 1.46
000560315-1 000560315 0 4.85
000560322-1 000560322 0 3.94
000560330-1 000560330 0 5.48
000560339-1 000560339 0 6.07
000560346-1 000560346 0 3.44
000560351-1 000560351 0 3.05
000560357-1 000560357 0 3.71
000560363-1 000560363 0 5.35
000560372-1 000560372 0 6.42
000560379-1 000560379 0 3.38
000560388-1 000560388 0 4.22
000560392-1 000560392 0 4.52
000560397-1 000560397 0 4.59
000560403-1 000560403 0.84 7.5
000560407-1 000560407 0 3.39
000560420-1 000560420 0 6.08
000560438-1 000560438 0 4.56
000560447-1 000560447 0 4.62
000560464-1 000560464 0 4.57
000560477-1 000560477 0 4.94
000560494-1 000560494 0 5
000570007-1 000570007 0 11.46
000570012-1 000570012 0 8.02
000570022-1 000570022 0.01 10.72
000570035-1 000570035 0 6.77
000570041-1 000570041 0 7.85
000570048-1 000570048 0 11
000570050-2 000570050 11.12 17.53
000570054-1 000570054 0 6.71
000570062-1 000570062 0 8.66
000570068-1 000570068 0 7.19
000570077-1 000570077 0 7.67
000570085-1 000570085 0 10.53
000570090-1 000570090 0 8.33
000570098-1 000570098 0 4.8
000570109-1 000570109 0 5.82
000570129-1 000570129 0 9.65
000570148-2 000570148 4.92 6.05
000570177-1 000570177 0 5.31
000570197-1 000570197 0 4.27
000570206-1 000570206 0 4.85
000570212-1 000570212 0 3.91
000570219-1 000570219 0 4.51
000570229-1 000570229 0 6.27
000570238-1 000570238 0 4.85
000570253-1 000570253 0 4.57
000570257-1 000570257 0 2
000570268-1 000570268 0 3.85
000570275-1 000570275 0 5.86
000570283-1 000570283 0 2.29
000570288-1 000570288 0 3.97
000570295-1 000570295 0 3.3
000570309-1 000570309 0 3.48
000570319-1 000570319 0 2.78
000570338-1 000570338 0 2.56
000570349-1 000570349 0 2.43
000570365-1 000570365 0 2.42
000570373-1 000570373 0 2.22
000570383-1 000570383 0 8.26
000570394-1 000570394 0 3.25
000570401-1 000570401 0 6.14
000570419-1 000570419 0 5.97
000570437-1 000570437 0 6.47
000570455-1 000570455 0 5.63
000570472-1 000570472 0.23 3.41
000570478-1 000570478 0.31 6.39
000570499-1 000570499 0.29 3.94
000580021-1 000580021 0 4.61
000580043-1 000580043 0 5.49
000580053-1 000580053 0 4.89
000580068-1 000580068 0 3.45
000580080-1 000580080 0 3.23
000580109-1 000580109 0 6.59
000580133-1 000580133 0 3.95
000580142-1 000580142 0 4.05
000580161-1 000580161 0 4.58
000580172-1 000580172 0 4.02
000580187-1 000580187 0 4.7
000580200-1 000580200 0 3.95
000580208-1 000580208 0 4.64
000580226-1 000580226 0 4.99
000580233-1 000580233 0 3.84
000580242-1 000580242 0 5.09
000580250-1 000580250 0 3.16
000580258-1 000580258 0 3.85
000580273-1 000580273 0 3.44
000580280-1 000580280 0 3.45
000580293-1 000580293 0 3.73
000580301-1 000580301 0 4.1
000580319-1 000580319 0 4.94
000580338-1 000580338 0 3.86
000580351-1 000580351 0 4.08
000580357-1 000580357 0 4.31
000580377-1 000580377 0 5.32
000580387-1 000580387 0 3.76
000580411-1 000580411 0 3.07
000580416-1 000580416 0 3.8
000580421-1 000580421 0 4.51
000580426-2 000580426 2.71 4.08
000580431-1 000580431 0 7.2
000580438-1 000580438 0 6.33
000580447-1 000580447 0 4.58
000580455-1 000580455 0 4.1
000580462-1 000580462 0 5.19
000580468-1 000580468 0 3.5
000580477-1 000580477 0 4.7
000580484-1 000580484 0 4.67
000580489-1 000580489 0.14 3.69
000580497-1 000580497 0 3.17
000590010-1 000590010 0 7.75
000590023-1 000590023 0.45 4.96
000590035-1 000590035 0 6.23
000590049-1 000590049 0 4.83
000590061-1 000590061 0.18 6.66
000590065-1 000590065 0.24 4.68
000590076-1 000590076 0 4.27
000590082-1 000590082 0.26 7.77
000590093-1 000590093 0 5.09
000590115-1 000590115 0 4.3
000590124-2 000590124 3.38 5.24
000590169-1 000590169 0 4.34
000590208-1 000590208 0 3.89
000590224-1 000590224 0 10.23
000590234-1 000590234 0 8.19
000590251-1 000590251 0 5.22
000590259-1 000590259 0 3.81
000590281-1 000590281 0 6.5
000590292-1 000590292 0.23 8.79
000590301-1 000590301 0 4.64
000590314-1 000590314 0 5.32
000590330-1 000590330 0 4.55
000590346-1 000590346 0 6.74
000590365-1 000590365 0 4.48
000590396-1 000590396 0 5.58
000590408-1 000590408 0 5.69
000590412-1 000590412 0 5.62
000590419-1 000590419 0 1.23
000590422-1 000590422 0 10.03
000590427-1 000590427 0 7.26
000590433-1 000590433 0 4.05
000590437-1 000590437 0 5.74
000590443-1 000590443 0 2.36
000590446-1 000590446 0 10.66
000590451-1 000590451 0 4.61
000590457-1 000590457 0 5.94
000590463-1 000590463 0 3.68
000590469-1 000590469 0 6.25
000590473-2 000590473 4.95 6.85
000590481-1 000590481 0 4.86
000590486-2 000590486 8.46 10.4
000590495-1 000590495 0 3.91
000590499-1 000590499 0 8.89
000600011-1 000600011 0 4.28
000600021-1 000600021 0.33 7.12
000600031-1 000600031 0 5.72
000600042-1 000600042 0 4.09
000600054-1 000600054 0 5.78
000600066-1 000600066 0 7.22
000600082-1 000600082 0 6.47
000600095-1 000600095 0 5.59
000600112-1 000600112 0 4.94
000600121-1 000600121 0.06 4.73
000600134-1 000600134 0 4.89
000600160-1 000600160 0 4.22
000600193-1 000600193 0.28 4.51
000600217-1 000600217 0 5.01
000600244-1 000600244 0 4.58
000600268-1 000600268 0 4.52
000600297-1 000600297 0 4.89
000600310-1 000600310 0 4.41
000600332-1 000600332 0 4.22
000600360-1 000600360 0 4.49
000600373-1 000600373 0 5.51
000600387-1 000600387 0 6.64
000600405-1 000600405 0 2.98
000600413-1 000600413 0.24 10.95
000600420-1 000600420 0 6.72
000600424-1 000600424 0 3.1
000600429-1 000600429 0 6.09
000600438-1 000600438 0 3.58
000600445-1 000600445 0 3.23
000600450-1 000600450 0.15 4.14
000600459-1 000600459 0 1.78
000600463-1 000600463 0.17 4.96
000600468-1 000600468 0.08 3.28
000600475-1 000600475 0 3.84
000600478-1 000600478 0 4.54
000600483-1 000600483 0 4.08
000600487-1 000600487 0.15 5.19
000600491-1 000600491 0 6.19
000600497-1 000600497 0.01 6.15
000610017-1 000610017 0 7.95
000610048-1 000610048 0 6.53
000610057-1 000610057 0.2 4.2
000610074-1 000610074 0.03 3.93
000610078-1 000610078 0 3.41
000610089-1 000610089 0 5.18
000610097-1 000610097 0 9.48
000610112-1 000610112 0 7.11
000610116-1 000610116 0.27 5.24
000610122-1 000610122 0 10.19
000610127-1 000610127 0 7.59
000610131-1 000610131 0.09 4.94
000610136-1 000610136 0.02 5.95
000610141-1 000610141 0.27 7.39
000610150-1 000610150 0.08 5.74
000610159-1 000610159 0 4.73
000610166-1 000610166 0 5.58
000610175-1 000610175 0 3.25
000610181-1 000610181 0 4.78
000610190-1 000610190 0.04 9.07
000610194-1 000610194 0.29 7.08
000610199-2 000610199 5.57 9.69
000610208-1 000610208 0 11.51
000610232-1 000610232 0.03 7.52
000610238-1 000610238 0 5.38
000610245-1 000610245 0 8.36
000610258-1 000610258 0 3.43
000610268-1 000610268 0.07 3.65
000610274-1 000610274 0.32 7.7
000610281-1 000610281 0.26 5.87
000610294-1 000610294 0.12 4.21
000610305-1 000610305 0.27 3.73
000610324-1 000610324 0.12 5.57
000610359-1 000610359 0.21 6.27
000610381-1 000610381 0 7.56
000610388-1 000610388 0.07 6.87
000610399-1 000610399 0 4.25
000610417-1 000610417 0 6.96
000610422-1 000610422 0 6.85
000610437-1 000610437 0.09 8.24
000610445-1 000610445 0.08 6.01
000610452-1 000610452 0.06 7.35
000610463-1 000610463 0 3.08
000610470-1 000610470 0.02 5.35
000610480-1 000610480 0 4.81
000610490-1 000610490 0.06 6
000630006-1 000630006 0.22 9.84
000630020-1 000630020 0 7.91
000630024-1 000630024 0 14.49
000630050-1 000630050 1.25 7.88
000630067-1 000630067 0.15 5.16
000630076-1 000630076 0 6.87
000630082-1 000630082 0 4.1
000630090-1 000630090 0 4.52
000630103-1 000630103 0 4.34
000630131-1 000630131 0 5.23
000630153-1 000630153 0.2 5.15
000630164-1 000630164 0 5.67
000630179-1 000630179 0.15 7.19
000630198-1 000630198 0.21 10.07
000630207-1 000630207 0.05 4.83
000630221-1 000630221 0 7.56
000630233-1 000630233 0.32 9.39
000630251-1 000630251 0.49 4.9
000630277-1 000630277 0.25 4.18
000630284-1 000630284 0.36 5.34
000630307-1 000630307 0 5.78
000630315-1 000630315 0 6.85
000630325-1 000630325 1.09 5.58
000630333-1 000630333 0 7.35
000630340-1 000630340 0.27 7.42
000630345-1 000630345 0.38 4.76
000630361-1 000630361 0 7.65
000630368-1 000630368 0 4.44
000630375-1 000630375 0 5.26
000630383-1 000630383 0.38 6.02
000630393-1 000630393 0 6.05
000630406-1 000630406 0 4.51
000630417-1 000630417 0 2.94
000630470-1 000630470 0 5.72
000630495-1 000630495 0 5.15
000640003-1 000640003 0.18 4.82
000640024-1 000640024 0.4 4.71
000640040-1 000640040 0 5.68
000640048-1 000640048 0 4.53
000640072-1 000640072 0 4.74
000640079-1 000640079 0 3.81
000640095-1 000640095 0 6.03
000640105-1 000640105 0.3 7.89
000640111-1 000640111 0 7.07
000640121-1 000640121 0.1 7.59
000640145-1 000640145 0 4.11
000640151-1 000640151 0 4.85
000640165-1 000640165 0 5.34
000640172-1 000640172 0.19 4.34
000640186-1 000640186 0 6.8
000640198-1 000640198 0.17 5.1
000640209-1 000640209 0 5.33
000640223-1 000640223 0 7.59
000640247-1 000640247 0.22 4.1
000640269-1 000640269 0 4.84
000640290-1 000640290 0 5.42
000640303-1 000640303 0 5.79
000640315-1 000640315 0 10.26
000640331-1 000640331 0 4.33
000640338-1 000640338 0 5.16
000640346-1 000640346 0 8.27
000640351-1 000640351 0 6.71
000640364-1 000640364 0.18 4.51
000640374-1 000640374 0 6.4
000640383-1 000640383 0 6.44
000640391-1 000640391 0 4.87
000640397-1 000640397 0 4.85
000640408-1 000640408 0 5.45
000650022-1 000650022 0 4.88
000650044-1 000650044 0 5
000650073-1 000650073 0 9.71
000650112-1 000650112 0 4.39
000650133-1 000650133 0 6.65
000650173-1 000650173 0 6.16
000650191-1 000650191 0 4.61
000650214-1 000650214 0 4.92
000650223-1 000650223 0 4.15
000650245-1 000650245 0 2.19
000650262-1 000650262 0.15 3.81
000650275-1 000650275 0 2.31
000650282-1 000650282 0 1.71
000650290-1 000650290 0.02 2.19
000650310-1 000650310 0 2.28
000650327-1 000650327 0.13 6.31
000650348-1 000650348 0 3.8
000650354-1 000650354 0 2.03
000650364-1 000650364 0 2.1
000650387-1 000650387 0 2.18
000650393-1 000650393 0 4.96
000650423-1 000650423 0 3.6
000650438-1 000650438 0 3.15
000650447-1 000650447 3.6 6.2
000650465-1 000650465 0.09 7.18
000650479-1 000650479 0 2.71
000660034-1 000660034 0 7.21
000660066-1 000660066 0 8.9
000660083-1 000660083 0 5.04
000660098-1 000660098 0 4.47
000660119-1 000660119 0 2.37
000660133-1 000660133 0.03 3.39
000660141-1 000660141 0 6.31
000660157-1 000660157 0.04 2.17
000660185-1 000660185 0 5
000660206-1 000660206 0.19 2.17
000660222-1 000660222 0 3.27
000660253-1 000660253 0.16 4.91
000660328-1 000660328 0.05 3.68
000660404-1 000660404 0.5 4.72
000660444-1 000660444 0.42 2.73
000660465-1 000660465 0 2.82
000660477-1 000660477 0 3.81
000670003-1 000670003 0 3.83
000670015-1 000670015 0 4.35
000670028-1 000670028 0 3.88
000670039-1 000670039 0 4.71
000670056-1 000670056 0 6.42
000670068-1 000670068 0 4.27
000670077-1 000670077 0 4.45
000670090-1 000670090 0 4.13
000670100-1 000670100 0 4.5
000670108-1 000670108 0 3.74
000670112-1 000670112 0 4.68
000670118-1 000670118 0 1.49
000670123-1 000670123 0 5.97
000670126-1 000670126 0 5.5
000670135-1 000670135 0 4.54
000670141-1 000670141 1.06 6.63
000670147-1 000670147 0 4.03
000670152-1 000670152 0 3.46
000670160-1 000670160 0 5.48
000670165-1 000670165 0 4.51
000670176-1 000670176 0 6.51
000670180-1 000670180 0.3 6.5
000670188-1 000670188 0 4.76
000670195-1 000670195 0 4.69
000670203-1 000670203 0 3.48
000670209-1 000670209 0 4.92
000670214-1 000670214 0 5.47
000670220-1 000670220 0 4.12
000670227-1 000670227 0.46 5.23
000670233-1 000670233 0 5.13
000670237-1 000670237 0.24 5.12
000670243-1 000670243 0.22 4.56
000670248-1 000670248 0 5.35
000670252-1 000670252 0 3.81
000670264-1 000670264 0 5.9
000670268-1 000670268 0 6.44
000670274-1 000670274 0 4.51
000670278-1 000670278 0 3.47
000670289-1 000670289 0 3.36
000670295-1 000670295 0.15 6.27
000670300-1 000670300 0 4.87
000670312-1 000670312 0 3.87
000670327-1 000670327 0 5.06
000670339-1 000670339 0 5.56
000670349-1 000670349 0 4.82
000670358-1 000670358 0 3.86
000670367-1 000670367 0 4.09
000670371-1 000670371 0 4.69
000670381-1 000670381 0 4.15
000670394-1 000670394 0.62 6.24
000670400-1 000670400 0.02 4.21
000670420-1 000670420 0 4.78
000670435-1 000670435 0 4.59
000670443-1 000670443 0 4.72
000670454-1 000670454 0 4.28
000670462-1 000670462 0 5.05
000670473-1 000670473 0 4.28
000670479-1 000670479 0 3.71
000670498-1 000670498 0 3.84
000680012-2 000680012 5.18 6.34
000680022-1 000680022 0.07 5.7
000680032-1 000680032 0 3.5
000680050-1 000680050 0 6.37
000680057-1 000680057 0 6.26
000680065-1 000680065 0 8.58
000680082-1 000680082 0.01 5.81
000680095-1 000680095 0.19 8.25
000680103-1 000680103 0.11 5.76
000680110-1 000680110 0.27 4.29
000680124-1 000680124 0.02 4.19
000680133-1 000680133 0 8.69
000680138-1 000680138 0.27 7.96
000680146-1 000680146 0.36 2.39
000680158-1 000680158 0.24 7.9
000680166-1 000680166 0.32 10.82
000680177-1 000680177 0 5.7
000680186-1 000680186 1.14 7.89
000680194-1 000680194 1.01 8.18
000680198-1 000680198 0 5.02
000680217-1 000680217 0.2 7.41
000680230-1 000680230 0.57 5.3
000680243-1 000680243 0.18 10.09
000680251-1 000680251 1.44 12.65
000680281-1 000680281 0.04 6.01
000680295-1 000680295 0 7.3
000680421-1 000680421 0 5.23
000680429-1 000680429 0.36 4.72
000680444-1 000680444 0 7.05
000680463-1 000680463 0.2 4.04
000680491-1 000680491 0 4.48
000680499-1 000680499 0.1 5.37
000690007-1 000690007 0.01 8.45
000690019-1 000690019 0 4.84
000690032-1 000690032 0.24 6.36
000690048-1 000690048 0 5
000690054-1 000690054 0 5.13
000690062-1 000690062 0 4.23
000690079-1 000690079 0 6.13
000690101-1 000690101 0 4.09
000690132-1 000690132 0 4.47
000690144-1 000690144 0 7.95
000690158-2 000690158 5.69 6.8
000690172-1 000690172 0 4.28
000690185-1 000690185 0 4.22
000690199-1 000690199 0.41 5.27
000690219-1 000690219 0.42 5.25
000690229-1 000690229 0 7.06
000690240-1 000690240 0 4.42
000690252-1 000690252 0 9.68
000690269-1 000690269 0 5.89
000690278-1 000690278 0 7.3
000690285-1 000690285 0 5.08
000690296-1 000690296 0 5.54
000690316-1 000690316 0 4.37
000690328-1 000690328 0 7.83
000690364-1 000690364 0 4.66
000690385-1 000690385 0.1 3.36
000690405-1 000690405 0 7.8
000690410-1 000690410 0.04 5.43
000690421-1 000690421 0 3.91
000690427-1 000690427 0 4.42
000690431-1 000690431 0.71 7.41
000690435-1 000690435 0 5.03
000690444-1 000690444 0 5.83
000690449-1 000690449 0.24 6.04
000690459-1 000690459 0 5.09
000690466-1 000690466 0 3.52
000690472-1 000690472 0 5.88
000690480-1 000690480 0.39 7.16
000690484-1 000690484 0.41 4.36
000700008-1 000700008 0 4.77
000700023-1 000700023 0 4.19
000700039-1 000700039 0 8.13
000700056-1 000700056 0 4.63
000700069-1 000700069 0 3.89
000700091-1 000700091 0 2.96
000700208-1 000700208 0 3.95
000700229-1 000700229 0 4.82
000700237-1 000700237 0 3.13
000700255-1 000700255 0 3.41
000700277-1 000700277 0 3.92
000700290-1 000700290 0 4.25
000700303-1 000700303 0.05 3.8
000700320-1 000700320 0 3.86
000700337-1 000700337 0.36 3.55
000700343-1 000700343 0.29 6.01
000700351-1 000700351 0 4.55
000700366-1 000700366 0.57 7.21
000700379-1 000700379 0 4.69
000700393-1 000700393 0 1.53
000700399-1 000700399 0 3.92
000700414-1 000700414 0 4.47
000700438-1 000700438 0 3.28
000700474-1 000700474 0 3.56
000700488-1 000700488 0 6.01
000710006-1 000710006 0.55 6.44
000710040-1 000710040 0 8.33
000710060-1 000710060 0 6.21
000710083-1 000710083 0 4.96
000710099-2 000710099 8.67 10.36
000710116-1 000710116 0 13.59
000710136-1 000710136 0 6.08
000710166-1 000710166 0 6.85
000710190-1 000710190 0 5.5
000710267-1 000710267 0 5.71
000710347-1 000710347 0 5.94
000710391-1 000710391 0 5.25
000710408-1 000710408 0 4.59
000710435-1 000710435 0 4.21
000710458-1 000710458 0 2.94
000710475-1 000710475 0 2.71
000710499-1 000710499 0 7.24
000730114-1 000730114 0 3.59
000730124-2 000730124 1.3 4.28
000730156-1 000730156 0 5.7
000730165-1 000730165 0 5.24
000730181-1 000730181 0.25 4.68
000730191-1 000730191 0 3.71
000730202-1 000730202 0 1.95
000730207-1 000730207 0 3.97
000730221-1 000730221 0 4.56
000730228-1 000730228 0 4
000730232-1 000730232 0 9.02
000730246-1 000730246 0 6
000730255-1 000730255 0 3.62
000730268-1 000730268 0 4.82
000730278-1 000730278 0.02 5.23
000730291-1 000730291 0.04 4.06
000730298-1 000730298 0.24 5.22
000730310-1 000730310 0 5.07
000730326-1 000730326 0 4.42
000730401-1 000730401 0 6.5
000730406-1 000730406 0 4.09
000730419-1 000730419 0 4.99
000730426-1 000730426 0 5.48
000730432-1 000730432 0 6.08
000730448-1 000730448 0 6.4
000730462-1 000730462 0 4.55
000730475-1 000730475 0 3.89
000730488-1 000730488 0 4.35
000740017-1 000740017 0 5.39
000740119-1 000740119 0 6.39
000740136-1 000740136 0.01 4.1
000740168-1 000740168 0 3.37
000740194-1 000740194 0 5.74
000740207-1 000740207 0 5.03
000740223-2 000740223 5.34 6.49
000740238-1 000740238 0 2.4
000740260-1 000740260 0 5.9
000740272-1 000740272 0.2 7.07
000740285-1 000740285 0.06 5.26
000740299-1 000740299 0 3.61
000740324-1 000740324 0.01 4.6
000740388-2 000740388 2.61 4.28
000740416-1 000740416 0 6.09
000740437-1 000740437 0 4.61
000740461-1 000740461 0 3.67
000740497-1 000740497 0 4.14
000750130-1 000750130 0 8.88
000750159-1 000750159 0 9.39
000750195-1 000750195 0 9.07
000750227-1 000750227 0 8.55
000750269-1 000750269 0 6.92
000750283-1 000750283 0 6.71
000750323-1 000750323 0 10.88
000750412-1 000750412 0 8.48
000750424-1 000750424 0 6.88
000750436-1 000750436 0 7.93
000750449-1 000750449 0 11.9
000750455-1 000750455 0 9.68
000750466-1 000750466 0 5.73
000750478-1 000750478 0 9.21
000750484-1 000750484 0 5.92
000750489-1 000750489 0 8.37
000770008-1 000770008 0 7.94
000770022-1 000770022 0 10.61
000770035-1 000770035 0 14.8
000770061-1 000770061 0 5.56
000770097-1 000770097 0.1 6.28
000770147-1 000770147 0 7.47
000770225-1 000770225 0 4.62
000770239-2 000770239 5.68 9.82
000770266-1 000770266 0 9.56
000770330-1 000770330 0 4.92
000770378-1 000770378 0 9.46
000770438-1 000770438 0.05 6.43
000770457-1 000770457 0 4.87
000770495-1 000770495 0.31 9.51
000780170-1 000780170 0 5.14
000780201-1 000780201 0.18 5.02
000780225-1 000780225 0.17 7.85
000780382-1 000780382 0 6.76
000780449-1 000780449 0.21 6.96
000840006-1 000840006 0 4.13
000840042-1 000840042 0 3.61
000840062-1 000840062 0.21 5.3
000840073-1 000840073 0 6.49
000840107-1 000840107 0.09 5.35
000840122-1 000840122 0 5.35
000840140-1 000840140 0 4.41
000840159-1 000840159 0 4.26
000840175-1 000840175 0 6.93
000840187-1 000840187 0.17 6.25
000840191-2 000840191 3.18 5.98
000840198-1 000840198 0 5.52
000840216-1 000840216 0 8.46
000840247-1 000840247 0.19 4.74
000840264-1 000840264 0.22 5.52
000840292-1 000840292 0.14 4.05
000840322-1 000840322 0 2.48
000840355-1 000840355 0.29 4.47
000840392-1 000840392 0.18 7.67
000840425-1 000840425 0 5.13
000840452-1 000840452 0 5.8
000840465-1 000840465 0 5.05
000840491-1 000840491 0 7.09
000850014-1 000850014 0 4.28
000850031-1 000850031 0 4.39
000850049-1 000850049 0 5.33
000850065-1 000850065 0.17 4.73
000850080-1 000850080 0 4.45
000850118-1 000850118 0 5.27
000850142-1 000850142 0 1.81
000850154-1 000850154 0 4.21
000850162-1 000850162 0 4.09
000850181-1 000850181 0 5.82
000850196-1 000850196 0.13 6.72
000850222-1 000850222 0 3.43
000850231-1 000850231 0 5.49
000850249-1 000850249 0.06 2.33
000850252-2 000850252 3.03 4.59
000850270-1 000850270 0.12 3.05
000850293-1 000850293 0 5.42
000850331-1 000850331 0 4.08
000850356-1 000850356 0.15 9.77
000850379-1 000850379 0 6.07
000850395-1 000850395 0 6.83
000850422-1 000850422 0.19 7.2
000850465-1 000850465 0.15 5.2
000860005-1 000860005 0 6.44
000860016-1 000860016 0 5.43
000860067-1 000860067 0 5.84
000860110-1 000860110 0 7.68
000860129-1 000860129 0 4.34
000860137-1 000860137 0 5.21
000860160-1 000860160 0 5.45
000860169-1 000860169 0 6.86
000860179-1 000860179 0.14 11.15
000860195-1 000860195 0 6.67
000860218-1 000860218 0 7.59
000860227-1 000860227 0 4.8
000860242-1 000860242 0 9.5
000860252-1 000860252 0 4.07
000860259-1 000860259 0 7.86
000860284-1 000860284 0.06 8.25
000860304-2 000860304 3.91 5.82
000860314-1 000860314 0.28 5.85
000860322-1 000860322 0 10.23
000860342-1 000860342 0 3.79
000860351-1 000860351 0 5.39
000860367-1 000860367 0.2 6.48
000860377-1 000860377 0 6.97
000860384-1 000860384 0 5.06
000860402-1 000860402 0 3.93
000860430-1 000860430 0 4.95
000860447-1 000860447 0 4.89
000860460-1 000860460 0 5.71
000860471-2 000860471 6.33 8.13
000860485-1 000860485 0 5.15
000860492-1 000860492 0 7.53
000880007-1 000880007 0 6.21
000880020-1 000880020 1.07 4.94
000880032-1 000880032 0 2.26
000880043-1 000880043 0 3.65
000880059-1 000880059 0 2.56
000880064-1 000880064 0 2.9
000880073-1 000880073 0 3.34
000880092-1 000880092 0.12 2.53
000880102-1 000880102 0.03 3.1
000880114-1 000880114 0 2.53
000880124-1 000880124 0 2.29
000880131-1 000880131 0.29 2.79
000880144-1 000880144 0 2.19
000880152-1 000880152 0 2.6
000880167-1 000880167 0.17 2.35
000880181-1 000880181 0 1.57
000880187-1 000880187 0 2.12
000880198-1 000880198 0 2
000880211-1 000880211 0 2.88
000880220-1 000880220 0 1.97
000880228-1 000880228 0 2.44
000880236-1 000880236 0 2.17
000880253-1 000880253 0 2.59
000880268-1 000880268 0 4.29
000880278-1 000880278 0 4.02
000880284-1 000880284 0.06 2.37
000880294-1 000880294 0.01 2.35
000880304-1 000880304 0 2.62
000880317-1 000880317 0.04 2.12
000880326-1 000880326 0 3.48
000880332-1 000880332 0 4.41
000880339-1 000880339 0 2.66
000880346-1 000880346 0 3.3
000880360-1 000880360 0.01 1.84
000880386-1 000880386 0 1.87
000880394-1 000880394 0 2.62
000880408-1 000880408 0.22 6.09
000880427-1 000880427 0.02 6.27
000880448-1 000880448 0 3.99
000880473-1 000880473 0.16 4.67
000880488-1 000880488 0.11 3.05
000910017-1 000910017 0 6.09
000910100-1 000910100 0 6.87
000910117-1 000910117 0 4.07
000910132-2 000910132 3.27 7.67
000910168-1 000910168 0 4.92
000910179-1 000910179 0 3.16
000910192-1 000910192 0 7.09
000910224-1 000910224 0 3.71
000910240-1 000910240 0 3.47
000910298-1 000910298 0 5.85
000910321-1 000910321 0 4.51
000910338-1 000910338 0 3.36
000910365-1 000910365 0 3.63
000910388-1 000910388 0 4.63
000910418-1 000910418 0 4.32
000910432-1 000910432 0 4.79
000910452-1 000910452 0 5.06
000910463-1 000910463 0 4.55
000910472-1 000910472 0 3.16
000910483-1 000910483 0 3.75
000910494-1 000910494 0 5.36
000920027-1 000920027 0 6.6
000920055-1 000920055 0 4.57
000920073-2 000920073 2.16 5.19
000920077-1 000920077 0 4.92
000920091-1 000920091 0.18 4.4
000920140-1 000920140 0 4.73
000920165-1 000920165 0.18 4.04
000920206-1 000920206 0 6.06
000920245-1 000920245 0.18 4.41
000920261-1 000920261 0 4.88
000920274-1 000920274 0 4.84
000920295-1 000920295 0.56 4.57
000920437-1 000920437 0.17 6.15
000920458-1 000920458 0.12 5.44
000920468-1 000920468 0.03 4.12
000920476-1 000920476 0 6.48
000920488-1 000920488 0.02 3.93
000920499-1 000920499 0 5.01
000940036-1 000940036 0 3.17
000940080-1 000940080 0 4.4
000940095-1 000940095 0 2.83
000940110-1 000940110 0.13 2.37
000940120-1 000940120 0 2.61
000940127-1 000940127 0.31 3.68
000940137-1 000940137 0 3.37
000940145-1 000940145 0.09 3.27
000940155-1 000940155 0 2.45
000940159-1 000940159 0 2.62
000940167-1 000940167 0 3.62
000940180-1 000940180 0.02 3.27
000940189-1 000940189 0 2.76
000940194-1 000940194 0 3.61
000940200-1 000940200 0 4.41
000940217-1 000940217 0 2.82
000940228-1 000940228 0.05 3.44
000940234-1 000940234 0.02 2.93
000940241-1 000940241 2.05 3.18
000940248-1 000940248 0 3.43
000940258-1 000940258 0 2.54
000940275-1 000940275 0 2.63
000940285-1 000940285 0 2.73
000940299-1 000940299 0 3.27
000940312-1 000940312 0 3.56
000940316-1 000940316 0.13 3.46
000940321-1 000940321 0.3 2.94
000940328-1 000940328 0.14 4.2
000940337-1 000940337 0 6.63
000940346-1 000940346 0.2 3.54
000940355-1 000940355 0.03 3.17
000940364-1 000940364 0 3.2
000940377-1 000940377 0 2.73
000940383-1 000940383 0 4.44
000940388-1 000940388 0 3.07
000940399-1 000940399 0 3.14
000940402-2 000940402 2.84 5.14
000940441-1 000940441 0 3.02
000940445-1 000940445 0 2.5
000940454-1 000940454 0 6.81
000940467-1 000940467 0 2.9
000940483-1 000940483 0 6.05
000950028-1 000950028 0 6.03
000950056-1 000950056 0 11
000950066-1 000950066 0 6.24
000950102-1 000950102 0.2 7.2
000950128-1 000950128 0 5.71
000950138-1 000950138 3.24 6.11
000950151-1 000950151 0 8.13
000950166-1 000950166 0 7.28
