000010034-1 000010034 0 3.71
000010045-1 000010045 0 8.4
000010063-1 000010063 0 4.79
000010073-1 000010073 0 4.3
000010093-1 000010093 0 3.51
000010112-1 000010112 0.29 9.37
000010142-1 000010142 0 5.51
000010149-1 000010149 0 7.86
000010167-1 000010167 0 3.85
000010184-1 000010184 0 4.88
000010203-1 000010203 0 4.53
000010241-1 000010241 0 5.06
000010251-1 000010251 0 1.54
000010272-1 000010272 0 5.61
000010297-1 000010297 0 6.56
000010307-1 000010307 0 3.8
000010323-1 000010323 0 7.38
000010343-1 000010343 0 5.2
000010365-1 000010365 0 5.26
000010403-1 000010403 0 3.59
000010430-1 000010430 0 6.67
000010470-1 000010470 0 3.86
000010477-1 000010477 0 3.29
000020007-1 000020007 0 5.38
000020020-1 000020020 0 6.97
000020040-1 000020040 0 3.73
000020055-1 000020055 0 4.37
000020071-1 000020071 0 7.93
000020076-1 000020076 0 3.69
000020083-1 000020083 0 6.03
000020093-1 000020093 0 6.27
000020131-1 000020131 0 3.63
000020149-1 000020149 0 9.44
000020162-1 000020162 0 6.45
000020193-1 000020193 0 7.36
000020205-1 000020205 0 7.17
000020221-1 000020221 0 5.82
000020245-1 000020245 0 3.95
000020259-1 000020259 0 5.62
000020266-1 000020266 0 3.46
000020276-1 000020276 0 7.66
000020288-1 000020288 0 4.82
000020297-1 000020297 0 5.37
000020329-1 000020329 0 4.17
000020344-1 000020344 0 5.06
000020365-1 000020365 0 4.33
000020378-1 000020378 0 4.63
000020383-1 000020383 0 4.61
000020394-1 000020394 0 4.65
000020411-1 000020411 0 4.44
000020435-1 000020435 0 4.85
000020456-1 000020456 0 6.63
000020471-1 000020471 0 7.24
000020485-1 000020485 0 4.14
000030002-1 000030002 0.06 6.48
000030018-1 000030018 0 5.37
000030025-1 000030025 0 5.45
000030034-1 000030034 0 9.79
000030043-1 000030043 0 5.29
000030053-1 000030053 0 4.74
000030059-1 000030059 0 6.08
000030069-1 000030069 0 4.46
000030075-1 000030075 0 7.45
000030079-1 000030079 0 5.18
000030091-1 000030091 0 8.04
000030099-1 000030099 0 6.72
000030104-1 000030104 0 4.17
000030109-1 000030109 0 6.29
000030114-1 000030114 0 5.62
000030119-1 000030119 0 4.27
000030128-1 000030128 0 4.29
000030136-1 000030136 0 4.94
000030140-1 000030140 0 5.22
000030145-1 000030145 0 5.18
000030150-1 000030150 0 10.02
000030154-1 000030154 0 3.59
000030160-1 000030160 0 5.89
000030168-1 000030168 0 4.81
000030173-1 000030173 0 4.46
000030180-1 000030180 0 3.46
000030184-1 000030184 0 4.82
000030191-1 000030191 0 5.07
000030196-1 000030196 0 3.61
000030202-1 000030202 0 4.57
000030207-1 000030207 0 6.06
000030213-1 000030213 0 4.25
000030222-1 000030222 0 4.73
000030227-1 000030227 0 5.82
000030233-1 000030233 0 4.34
000030239-1 000030239 0 7.38
000030249-1 000030249 0 4.64
000030255-1 000030255 0 7.05
000030262-1 000030262 0 4.99
000030268-1 000030268 0 3.41
000030274-1 000030274 0 5.01
000030279-1 000030279 0 6.71
000030284-1 000030284 0 7.3
000030290-1 000030290 0 4.12
000030297-1 000030297 0 7.14
000030302-1 000030302 0 3.52
000030311-1 000030311 0 4.07
000030323-1 000030323 0 4.3
000030341-1 000030341 0 4.83
000030357-1 000030357 0 4.75
000030367-1 000030367 0 5.54
000030388-1 000030388 0 6.78
000030404-1 000030404 0 3.59
000030409-1 000030409 0 5.02
000030413-1 000030413 0 5.29
000030417-1 000030417 0 5.76
000030422-1 000030422 0 7.27
000030426-1 000030426 0 4.87
000030430-1 000030430 0.21 4.69
000030435-1 000030435 0 4.1
000030443-1 000030443 0 7.83
000030449-1 000030449 0 4.91
000030456-1 000030456 0 3.72
000030460-1 000030460 0 4.12
000030465-1 000030465 0 6.32
000030469-1 000030469 0 6.78
000030478-1 000030478 0 4.97
000030489-1 000030489 0 4.44
000030499-1 000030499 0 4.47
000040021-1 000040021 0 7.84
000040031-1 000040031 0 8.01
000040047-1 000040047 0 6.07
000040064-1 000040064 0 4.4
000040076-1 000040076 0 3.41
000040103-1 000040103 0 3.43
000040121-1 000040121 0 4.56
000040137-1 000040137 0 5.8
000040169-1 000040169 0 5.8
000040202-1 000040202 0 5.53
000040215-1 000040215 0 4.51
000040222-1 000040222 0 4.83
000040227-1 000040227 0 4.06
000040235-1 000040235 0 5.43
000040242-1 000040242 0 3.98
000040257-2 000040257 2.38 4.03
000040272-1 000040272 0 7.55
000040281-1 000040281 0 4.65
000040290-1 000040290 0 6.31
000040302-1 000040302 0 4.57
000040323-1 000040323 0 5.01
000040347-1 000040347 0 6.21
000040352-1 000040352 0 6.15
000040369-1 000040369 0 3.58
000040376-1 000040376 0 3.19
000040390-1 000040390 0 7.87
000040407-1 000040407 0 3.6
000040437-1 000040437 0 6.39
000040450-1 000040450 0 4.09
000040468-1 000040468 0.02 7.01
000050024-1 000050024 0 5.24
000050048-1 000050048 0 5.52
000050067-1 000050067 0.18 5.48
000050089-1 000050089 0 9.1
000050101-1 000050101 0 8.24
000050179-1 000050179 0.21 11.02
000050192-2 000050192 3.68 9.11
000050202-1 000050202 0 4.41
000050217-1 000050217 0 11.5
000050226-1 000050226 0 4.5
000050238-1 000050238 0 5.65
000050263-1 000050263 0 5.87
000050276-1 000050276 0 8.54
000050290-1 000050290 0 8.63
000050308-1 000050308 2.62 10.4
000050321-1 000050321 0 7.01
000050336-1 000050336 0 8.63
000050346-1 000050346 0 5.07
000050383-1 000050383 0 5.77
000050432-1 000050432 0 5.68
000050475-1 000050475 0 8.12
000060003-1 000060003 0 4.53
000060014-1 000060014 0 3.57
000060026-1 000060026 0 5.64
000060036-1 000060036 0 7.09
000060042-1 000060042 0 5.36
000060054-1 000060054 0 5.23
000060065-1 000060065 0 3.42
000060074-1 000060074 0 6.21
000060082-1 000060082 0 8.63
000060095-1 000060095 0 5.53
000060103-1 000060103 0 8.72
000060108-1 000060108 0 11.1
000060122-1 000060122 0 5.54
000060136-1 000060136 0 6.87
000060144-1 000060144 0 3.85
000060151-1 000060151 0 6.24
000060161-1 000060161 0 12.59
000060176-1 000060176 0 7.08
000060187-1 000060187 0.1 6.46
000060197-1 000060197 0 7.05
000060209-1 000060209 0.36 4.21
000060221-1 000060221 0 5.49
000060232-1 000060232 0 6.32
000060244-1 000060244 0 7.3
000060253-1 000060253 0 4.56
000060261-1 000060261 0 7.48
000060267-1 000060267 0 4.21
000060273-1 000060273 0 6.99
000060285-1 000060285 0 6.32
000060291-2 000060291 7.57 9.88
000060312-1 000060312 0 4.95
000060331-1 000060331 0 5.6
000060344-1 000060344 0.14 4.51
000060354-1 000060354 0 8.4
000060369-1 000060369 0 6.02
000060391-1 000060391 0.1 5.34
000060401-1 000060401 0 3.94
000060420-1 000060420 0.43 6.49
000060436-1 000060436 0 5.89
000060444-1 000060444 0 4.56
000060453-1 000060453 0 4.22
000060471-1 000060471 0 3.35
000060484-1 000060484 0 3.33
000070001-1 000070001 0.02 5.62
000070013-1 000070013 0 6.64
000070022-1 000070022 0 11.38
000070043-1 000070043 0 3.79
000070077-1 000070077 0 6.03
000070104-1 000070104 0 5.04
000070109-1 000070109 0 6.63
000070122-1 000070122 0 4.03
000070138-1 000070138 0 6.07
000070148-1 000070148 0 5.42
000070165-1 000070165 0 6.48
000070176-1 000070176 0 5.11
000070189-1 000070189 0 8.82
000070200-1 000070200 0 5.02
000070220-1 000070220 0 7.9
000070229-1 000070229 0 6.48
000070241-1 000070241 0 5.67
000070255-1 000070255 0 11.06
000070272-1 000070272 0 5.76
000070283-1 000070283 0.51 7.91
000070306-1 000070306 0 4.52
000070320-1 000070320 0 3.52
000070331-1 000070331 0 6.8
000070350-1 000070350 0 5.3
000070365-1 000070365 0 8.62
000070376-1 000070376 0 7.4
000070386-1 000070386 0 4.89
000070410-1 000070410 0 9.82
000070417-1 000070417 0 7.42
000070427-1 000070427 0 12.54
000070435-1 000070435 0 5.64
000070444-1 000070444 0 5.63
000070453-1 000070453 0 10.97
000070457-1 000070457 0 10.85
000070474-1 000070474 0 5.09
000070493-1 000070493 0 7.85
000090003-1 000090003 0 10.92
000090022-1 000090022 0 4.49
000090039-1 000090039 0.03 7.91
000090054-1 000090054 0 7.55
000090063-1 000090063 0 5.76
000090078-1 000090078 0 5.96
000090091-1 000090091 0 5.58
000090116-1 000090116 0 5.03
000090137-1 000090137 0 7.67
000090157-1 000090157 0 4.51
000090184-1 000090184 0.07 5.12
000090202-1 000090202 0 5.26
000090214-1 000090214 0 5.59
000090226-1 000090226 0 4.09
000090233-1 000090233 0 6.32
000090246-1 000090246 0 4.22
000090256-1 000090256 0 7.78
000090270-1 000090270 0 5.32
000090279-1 000090279 0 3.63
000090302-1 000090302 0 6.01
000090315-1 000090315 0 4.62
000090322-1 000090322 0 3.78
000090330-1 000090330 0.02 3.72
000090345-1 000090345 0 9.48
000090375-1 000090375 0 4.37
000090405-1 000090405 0 6.82
000090418-1 000090418 0 7.67
000090428-1 000090428 0.28 4.95
000090442-1 000090442 0 4.28
000090451-1 000090451 0 5.9
000090459-1 000090459 0 5.67
000090468-1 000090468 0 4.62
000090476-1 000090476 0 5.58
000090490-1 000090490 0 5.14
000100113-1 000100113 0 7.57
000100131-1 000100131 0 12.77
000100142-1 000100142 0 6.21
000100169-1 000100169 0 10.86
000100200-1 000100200 0.38 12.46
000100226-1 000100226 1.55 10.92
000100257-1 000100257 0 10.14
000100324-1 000100324 0.03 7.25
000100331-1 000100331 0 11.92
000100352-1 000100352 0 6.54
000100358-1 000100358 0 8.05
000100372-1 000100372 0 3.88
000100411-1 000100411 0.3 8.3
000100426-1 000100426 0 7.75
000100436-1 000100436 0 8.85
000110007-1 000110007 0 6.47
000110013-1 000110013 0 5.54
000110021-1 000110021 0 4.65
000110034-1 000110034 0.17 5.12
000110049-1 000110049 0 4.97
000110059-1 000110059 0 5.05
000110079-1 000110079 0 4.72
000110092-1 000110092 0 6.17
000110099-1 000110099 0 5.61
000110133-1 000110133 0 8.36
000110172-1 000110172 0.13 10.78
000110208-1 000110208 0.01 6.78
000110227-1 000110227 0 1.18
000110242-1 000110242 0 5.61
000110256-1 000110256 0.12 4.5
000110272-1 000110272 0 4.95
000110281-1 000110281 0.17 6.38
000110290-1 000110290 0 6.19
000110308-1 000110308 0 7.93
000110341-1 000110341 0 4.32
000110365-1 000110365 0 6.57
000110378-1 000110378 0 4.92
000110425-1 000110425 0 5.76
000110482-2 000110482 4.47 8.46
000110500-1 000110500 0 7.61
000120017-1 000120017 0 9.67
000120028-1 000120028 0 5.15
000120043-1 000120043 0 5.84
000120058-1 000120058 0 4.61
000120070-1 000120070 0.3 4.02
000120079-1 000120079 0 4.43
000120091-1 000120091 0.37 11.05
000120094-1 000120094 0 4.99
000120102-1 000120102 0 4.45
000120107-1 000120107 0.01 5.96
000120113-1 000120113 0 2.05
000120124-1 000120124 0 6.39
000120129-1 000120129 0 6.7
000120134-1 000120134 0 6.16
000120139-1 000120139 0.04 4.37
000120147-1 000120147 0 3.78
000120152-1 000120152 0.09 4.94
000120164-1 000120164 0 3.97
000120172-1 000120172 0.42 6.14
000120178-1 000120178 0 7.28
000120184-1 000120184 0 6.6
000120189-1 000120189 0.25 3.91
000120195-1 000120195 0 5.99
000120200-1 000120200 0.05 2.26
000120206-1 000120206 0 6.09
000120212-1 000120212 0 4.87
000120223-1 000120223 0 4.13
000120227-1 000120227 0 4.16
000120238-1 000120238 0 4.84
000120243-1 000120243 0.23 5.06
000120260-1 000120260 0.53 6.53
000120266-1 000120266 0 5.15
000120273-1 000120273 0 8.16
000120283-1 000120283 0.11 3.36
000120291-1 000120291 0.07 4.44
000120296-1 000120296 0.44 4.09
000120411-1 000120411 0.35 6.55
000120420-1 000120420 0 4.93
000120439-1 000120439 0.47 5.33
000120453-1 000120453 0 2.73
000120474-1 000120474 0 6.13
000130007-1 000130007 0 7.14
000130047-1 000130047 0 8.1
000130072-1 000130072 0 4.22
000130094-1 000130094 0 6.88
000130112-1 000130112 0.01 4.36
000130120-1 000130120 0.21 4.02
000130145-1 000130145 0.21 6.06
000130170-1 000130170 0 5.65
000130180-1 000130180 0.24 4.52
000130208-1 000130208 0 4.75
000130219-1 000130219 0.02 4.58
000130229-1 000130229 0.61 5.77
000130238-1 000130238 0 4.64
000130246-1 000130246 0 4.89
000130252-1 000130252 0 7.19
000130258-1 000130258 0 4.97
000130265-1 000130265 0 5.72
000130267-1 000130267 0 7.57
000130274-1 000130274 0.11 4.76
000130286-1 000130286 0.04 3.83
000130293-1 000130293 0.27 6.58
000130302-1 000130302 0 4.19
000130306-1 000130306 0.01 4.62
000130311-1 000130311 0 5.08
000130316-1 000130316 0 3.68
000130324-1 000130324 0 6.29
000130334-1 000130334 0.17 5.22
000130338-1 000130338 0 7.97
000130343-1 000130343 0 4.04
000130348-1 000130348 0 6.38
000130354-1 000130354 0.31 8.2
000130363-1 000130363 0 4.22
000130369-1 000130369 0.27 4.58
000130375-1 000130375 0 8.06
000130383-1 000130383 0.36 9.07
000130391-1 000130391 0 4.63
000130396-1 000130396 0 6.84
000130404-1 000130404 0 5.41
000130409-1 000130409 0 9.09
000130419-1 000130419 0 8.51
000130425-1 000130425 0 7.55
000130438-1 000130438 0.37 10.94
000130445-1 000130445 0.36 4.8
000130455-1 000130455 0 5
000130473-1 000130473 0.28 8.01
000130483-1 000130483 0 11.81
000130488-1 000130488 0 4.51
000130494-1 000130494 0 4.95
000160007-1 000160007 0 6.47
000160019-1 000160019 0 6.7
000160028-1 000160028 0 3.61
000160037-1 000160037 0 9.09
000160048-1 000160048 0 4.88
000160062-1 000160062 0 5.22
000160072-1 000160072 0 4.72
000160083-1 000160083 0 5.87
000160089-1 000160089 0 6.77
000160096-1 000160096 0 5.93
000160110-1 000160110 0 5.59
000160121-1 000160121 0 8.12
000160128-1 000160128 0 5.51
000160142-1 000160142 0 6.18
000160146-1 000160146 0 3.97
000160150-1 000160150 0 7.72
000160161-1 000160161 0 4.51
000160173-1 000160173 0 4.01
000160183-1 000160183 0 6.25
000160191-1 000160191 0 5.71
000160204-1 000160204 0 4.75
000160240-1 000160240 0 4.35
000160249-1 000160249 0 3.86
000160257-1 000160257 0 7.25
000160271-1 000160271 0 5.3
000160286-1 000160286 0 5.41
000160309-1 000160309 0 6.39
000160316-1 000160316 0 4.04
000160330-1 000160330 0 6.21
000160357-1 000160357 0 6.82
000160381-1 000160381 0 4.37
000160392-1 000160392 0 3.96
000160403-1 000160403 0 3.71
000160414-1 000160414 0 6.31
000160423-1 000160423 0 3.41
000160430-1 000160430 0 4.38
000160452-1 000160452 0 5.74
000160463-1 000160463 0 3.53
000160479-1 000160479 0 3.33
000160495-1 000160495 0 4.41
000170017-1 000170017 0 7.63
000170079-1 000170079 0 9.86
000170116-1 000170116 0 9.05
000170129-1 000170129 0 3.83
000170132-1 000170132 0 5.63
000170139-1 000170139 0 8.18
000170156-1 000170156 0 16.18
000170169-1 000170169 0 8.68
000170180-1 000170180 0 7.29
000170183-2 000170183 11.24 14.31
000170189-1 000170189 0 6.4
000170197-1 000170197 0 7.13
000170204-1 000170204 0 7.61
000170215-1 000170215 0 12.82
000170225-1 000170225 0 12.46
000170234-1 000170234 0.01 12.19
000170243-1 000170243 0 11.94
000170254-1 000170254 0.01 8.86
000170256-1 000170256 0 7.08
000170264-1 000170264 0 7.92
000170269-2 000170269 12.95 15.49
000170274-1 000170274 0 11.39
000170283-1 000170283 0 14.24
000170288-1 000170288 0 1.5
000170295-1 000170295 0 2.9
000170301-1 000170301 0 6.34
000170325-1 000170325 0 3.55
000170335-1 000170335 0 5.06
000170380-1 000170380 0 4.46
000170419-1 000170419 0 5.33
000170460-1 000170460 0 6.63
000170470-1 000170470 0 4.52
000170498-1 000170498 0 4.68
000180007-1 000180007 0 4.36
000180013-1 000180013 0 4.05
000180017-1 000180017 0 5.23
000180029-1 000180029 0 5.87
000180034-1 000180034 0 6.71
000180039-1 000180039 0 9.78
000180045-1 000180045 0 4.26
000180051-1 000180051 0 3.39
000180061-1 000180061 0 10.45
000180070-1 000180070 0 6.68
000180076-1 000180076 0 5.87
000180084-1 000180084 0 6.57
000180093-1 000180093 0 4.89
000180102-1 000180102 0 6.05
000180112-1 000180112 0 5.43
000180124-1 000180124 0 5.44
000180133-1 000180133 0 5.69
000180141-1 000180141 0 3.76
000180153-1 000180153 0 6.01
000180158-1 000180158 0 4.48
000180172-1 000180172 0 5.57
000180190-1 000180190 0 5.16
000180198-1 000180198 0 6.89
000180202-1 000180202 0 6.9
000180210-1 000180210 0 8.31
000180216-1 000180216 0.18 10.04
000180221-1 000180221 0 4.31
000180227-1 000180227 0 4.6
000180231-1 000180231 0 4.42
000180235-1 000180235 0.09 5.53
000180243-1 000180243 0 5.89
000180249-1 000180249 0 5.15
000180255-1 000180255 0 8.52
000180261-1 000180261 0 4.91
000180268-1 000180268 0 3.8
000180275-1 000180275 0 4.91
000180280-1 000180280 0 6.68
000180288-1 000180288 0 10.74
000180297-1 000180297 0 5.78
000180302-1 000180302 0 5.37
000180319-1 000180319 0 4.62
000180329-1 000180329 0 4.84
000180350-1 000180350 0 5.04
000180372-1 000180372 0 5.41
000180396-1 000180396 0 5.14
000180407-1 000180407 0 7.24
000180421-1 000180421 0 4.11
000180428-1 000180428 0 4.96
000180435-1 000180435 0 4.72
000180440-1 000180440 0 4.1
000180444-1 000180444 0 8.59
000180450-1 000180450 0.37 6.26
000180455-1 000180455 0 8.86
000180462-1 000180462 0 4.59
000180470-1 000180470 0 4.1
000180477-1 000180477 0 4.73
000180481-1 000180481 0 3.9
000180485-1 000180485 0 11.04
000180493-1 000180493 0 5.37
000180500-1 000180500 0 7.72
000190119-1 000190119 0 5.07
000190142-1 000190142 0 5.75
000190162-1 000190162 0 8.8
000190198-1 000190198 0 5.23
000190213-1 000190213 0.49 7.25
000190238-1 000190238 0 3.8
000190267-1 000190267 0.02 4.95
000190283-1 000190283 0.32 4.71
000190296-1 000190296 0 6.14
000190315-1 000190315 0 5.01
000190349-1 000190349 0 3.94
000190383-1 000190383 0.05 5.65
000220005-1 000220005 0 4.59
000220020-1 000220020 0 3.69
000220034-1 000220034 0 4.53
000220062-1 000220062 0 4.51
000220092-1 000220092 0 3.93
000220107-1 000220107 0 4.85
000220121-1 000220121 0 4.26
000220140-1 000220140 0 3.91
000220148-1 000220148 0 4.21
000220168-1 000220168 0 4.38
000220184-1 000220184 0 3.83
000220237-1 000220237 0 4.43
000220258-1 000220258 0 5.82
000220279-1 000220279 0 5.15
000220302-1 000220302 0 3.34
000220313-1 000220313 0 6.3
000220328-1 000220328 0.14 5.19
000220345-1 000220345 0 8.71
000220367-1 000220367 0.32 5.31
000220379-1 000220379 0 5.74
000220404-1 000220404 0 3.52
000220435-1 000220435 0 3.62
000220464-1 000220464 0 4.15
000220472-1 000220472 0.17 4.77
000220494-1 000220494 0 4.96
000230122-1 000230122 0 4.71
000230221-1 000230221 0 5.49
000230301-1 000230301 0 7.65
000230332-1 000230332 0.06 5.24
000230385-1 000230385 0 6.87
000230419-1 000230419 0 6.79
000230433-1 000230433 0.48 5.51
000230462-1 000230462 0 1.19
000230491-1 000230491 0 5.24
000240016-1 000240016 0 4.68
000240028-1 000240028 0 4.1
000240069-1 000240069 0 3.8
000240082-1 000240082 0 7.16
000240110-1 000240110 0.06 4.32
000240125-1 000240125 0 6.69
000240136-1 000240136 0 3.79
000240149-1 000240149 0 4.01
000240167-1 000240167 0 6.46
000240176-1 000240176 0.39 5.05
000240192-1 000240192 0 1.53
000240211-1 000240211 0.37 4.08
000240235-1 000240235 0.36 4.23
000240310-1 000240310 0.14 5.02
000240334-1 000240334 0 3.97
000240367-1 000240367 0 3.87
000240390-1 000240390 0 3.88
000240413-1 000240413 0.61 7.48
000240450-1 000240450 0 4.83
000240476-1 000240476 0 3.45
000240491-1 000240491 0 4.04
000250023-1 000250023 0 6.54
000250061-1 000250061 0.29 6.36
000250113-1 000250113 0 6.07
000250134-1 000250134 0.18 9.56
000250167-1 000250167 0.42 5.82
000250195-1 000250195 0.25 5.6
000250228-1 000250228 0.5 7.65
000250250-1 000250250 0 6.42
000250259-1 000250259 0 5.72
000250276-1 000250276 0 4.8
000250286-1 000250286 0.36 10.86
000250293-1 000250293 0 7.03
000250315-1 000250315 0 6.89
000250337-1 000250337 0 6.84
000250357-1 000250357 0.11 6.52
000250410-1 000250410 0 5.01
000250424-1 000250424 0 5.28
000250451-1 000250451 0.06 7.9
000250497-1 000250497 0 5.61
000280006-1 000280006 0 8.87
000280009-1 000280009 0 6.93
000280019-1 000280019 0 8.76
000280023-1 000280023 0 4.47
000280031-1 000280031 0.03 5.61
000280036-1 000280036 0 8.98
000280042-1 000280042 0 6.58
000280053-1 000280053 0 6.39
000280057-1 000280057 0 7.21
000280064-1 000280064 0 5.11
000280071-1 000280071 0 5.48
000280077-1 000280077 0 4.5
000280083-1 000280083 0 12.9
000280091-1 000280091 0.8 6.27
000280098-1 000280098 1.16 7.91
000280102-1 000280102 0.57 8.7
000280113-2 000280113 2.84 6.44
000280121-1 000280121 0 9.01
000280137-1 000280137 0 7.62
000280147-1 000280147 0 10.37
000280152-1 000280152 0 8.09
000280162-1 000280162 0.3 5.37
000280169-1 000280169 0 10.24
000280174-1 000280174 0 8.26
000280189-1 000280189 0 4.84
000280199-1 000280199 0 4.91
000280216-1 000280216 0.15 6.49
000280236-1 000280236 0 9.89
000280249-1 000280249 0 8.13
000280278-1 000280278 0 6.92
000280297-1 000280297 0 4.91
000280346-1 000280346 0 3.35
000280370-1 000280370 0 4.72
000280462-1 000280462 0 5.6
000280487-1 000280487 0 7.61
000280499-1 000280499 0 5.76
000300012-1 000300012 0 6.94
000300023-1 000300023 0 3.79
000300032-1 000300032 0 4.8
000300053-1 000300053 0 4.67
000300076-1 000300076 0 3.62
000300085-1 000300085 0 2.77
000300099-1 000300099 0 3.81
000300111-1 000300111 0 6.59
000300124-1 000300124 0 5.47
000300134-1 000300134 0.21 4.32
000300150-1 000300150 0.34 4.35
000300175-1 000300175 0 3.84
000300184-1 000300184 0 4.14
000300207-1 000300207 0.02 6.96
000300232-1 000300232 0 3.05
000300247-1 000300247 0 4.15
000300258-1 000300258 0 6
000300275-1 000300275 0 3.05
000300281-1 000300281 0 3.71
000300288-1 000300288 0 5.41
000300296-1 000300296 0 3.6
000300307-1 000300307 0 5.54
000300319-1 000300319 0 4.42
000300329-1 000300329 0 4.12
000300343-1 000300343 0 3.84
000300350-1 000300350 0.58 6.42
000300361-1 000300361 0.22 3.32
000300370-1 000300370 0 3.37
000300402-1 000300402 0 4.95
000300429-1 000300429 0 3.64
000300463-1 000300463 0 6.79
000300491-1 000300491 0 4.38
000310006-1 000310006 0 7.08
000310016-1 000310016 0 6.37
000310023-1 000310023 0 5.59
000310030-1 000310030 0 8.66
000310059-1 000310059 0 6.43
000310068-1 000310068 0 5.63
000310081-1 000310081 0 7.01
000310114-1 000310114 0 5.96
000310135-1 000310135 0 5.35
000310161-1 000310161 0 5.11
000310183-1 000310183 0 4.89
000310200-1 000310200 0 5.36
000310217-1 000310217 0 4.25
000310234-1 000310234 0 6.61
000310266-1 000310266 0 5.38
000310287-1 000310287 0 5.02
000310302-1 000310302 0 4.28
000310321-1 000310321 0 4.08
000310326-1 000310326 0 6.14
000310339-1 000310339 0 5.94
000310366-1 000310366 0 5.86
000310389-1 000310389 0 4.4
000310406-1 000310406 0 4.42
000310433-1 000310433 0 4.11
000310480-1 000310480 0 4.16
000310492-1 000310492 0 4.68
000320023-1 000320023 0 4.82
000320049-1 000320049 0 13.14
000320067-1 000320067 0.34 9.39
000320089-1 000320089 0 8.31
000320107-1 000320107 0.18 5.17
000320145-1 000320145 0.29 7.91
000320174-1 000320174 0.12 5.6
000320198-1 000320198 0.48 7.57
000320224-1 000320224 0.29 4.57
000320247-1 000320247 0.12 4.69
000320273-1 000320273 0.16 7.69
000320290-1 000320290 0.37 10.58
000320309-2 000320309 4.59 7.15
000320339-1 000320339 0 5.23
000320355-1 000320355 0.62 6.24
000320410-1 000320410 0.03 5.19
000320420-1 000320420 0.13 5.69
000320449-1 000320449 0.29 6.91
000330016-1 000330016 0 9.51
000330039-1 000330039 0 5.96
000330078-1 000330078 0.44 5.87
000330104-1 000330104 0 5.89
000330163-1 000330163 0.23 6.32
000330187-1 000330187 0 5.46
000330197-1 000330197 0 5.15
000330223-1 000330223 0 6.5
000330246-1 000330246 0 5.38
000330264-1 000330264 0 8.66
000330278-1 000330278 0 9.38
000330304-1 000330304 0 6.04
000330312-1 000330312 1.6 2.79
000330318-1 000330318 0 9.13
000330323-1 000330323 0 9.4
000330327-1 000330327 0 5.56
000330334-1 000330334 0 6.43
000330343-1 000330343 0 7.11
000330356-1 000330356 0 9.81
000330368-1 000330368 0.31 8.89
000330380-1 000330380 0 9.05
000330384-1 000330384 0 4
000330388-1 000330388 0.2 2.64
000330394-1 000330394 0.17 3.49
000330400-1 000330400 0 6.15
000330410-1 000330410 0.47 7.61
000330422-1 000330422 0.51 12.02
000330432-2 000330432 5.16 13.32
000330452-1 000330452 0 9.34
000330460-1 000330460 0 7.45
000330474-1 000330474 0.15 8.14
000330495-1 000330495 0 6.3
000340016-1 000340016 0 4.29
000340042-1 000340042 0.09 8.83
000340056-1 000340056 0 3.42
000340066-1 000340066 0.09 5.36
000340081-1 000340081 0 5.79
000340105-1 000340105 0 3.75
000340134-1 000340134 0 9.84
000340146-1 000340146 0 5.86
000340167-1 000340167 0 3.27
000340198-1 000340198 0 7.49
000340211-1 000340211 0 4.23
000340218-1 000340218 0 5.19
000340241-1 000340241 0 3.61
000340248-1 000340248 0 3.17
000340268-1 000340268 0.53 4.54
000340280-1 000340280 0 7.4
000340298-1 000340298 0 4.96
000340313-1 000340313 0 5.05
000340332-1 000340332 0 6.72
000340354-1 000340354 0 5.15
000340377-1 000340377 0 4.28
000340432-1 000340432 0 4.14
000340457-1 000340457 0 4.07
000340493-1 000340493 0 4.24
000350002-1 000350002 0 7.03
000350020-1 000350020 0 6.48
000350052-1 000350052 0.08 6.87
000350067-2 000350067 2.44 4.66
000350079-1 000350079 0 3.49
000350091-1 000350091 0.13 5.47
000350103-1 000350103 0.05 5.97
000350110-1 000350110 0.25 6.74
000350133-1 000350133 0.17 9.84
000350153-1 000350153 0.14 5.44
000350178-1 000350178 0.32 5.63
000350201-1 000350201 0 5.8
000350207-1 000350207 0.15 8.04
000350214-1 000350214 0.21 4.38
000350220-1 000350220 0.11 7.89
000350228-1 000350228 0.11 6.25
000350233-1 000350233 0.58 10.34
000350241-1 000350241 1.88 7.34
000350254-1 000350254 0 8.06
000350258-1 000350258 0 7.28
000350266-1 000350266 0 4.56
000350270-1 000350270 0 5.7
000350292-1 000350292 0.27 4.93
000350298-1 000350298 0.3 5.2
000350325-1 000350325 0.75 6.63
000350358-1 000350358 0 4.84
000350415-1 000350415 0.19 4.04
000350439-1 000350439 0 5
000350454-1 000350454 0.29 7.77
000350471-1 000350471 0.01 6.42
000350485-1 000350485 0 8.12
000360030-1 000360030 0 6.41
000360044-1 000360044 0 3.73
000360063-1 000360063 0 3.5
000360096-1 000360096 0 6.49
000360116-1 000360116 0.2 4.72
000360134-1 000360134 0 4.95
000360166-1 000360166 0 4.4
000360187-1 000360187 0 4.35
000360215-1 000360215 0 4.16
000360247-1 000360247 0 6.45
000360275-2 000360275 1.95 3.52
000360313-1 000360313 0 2.8
000360375-1 000360375 0 2.31
000360389-1 000360389 0 5.35
000360456-1 000360456 0 4.92
000370003-1 000370003 0 5.86
000370025-1 000370025 0 7.62
000370034-1 000370034 0.01 8.07
000370053-1 000370053 0.69 6.84
000370065-1 000370065 0 6.27
000370087-1 000370087 0 4.25
000370127-1 000370127 0 5.38
000370151-1 000370151 0 8.13
000370159-1 000370159 0 5.81
000370184-1 000370184 0 7.55
000370191-1 000370191 0 8.78
000370201-1 000370201 0 4.52
000370217-1 000370217 0 5.39
000370234-1 000370234 0 8.95
000370243-1 000370243 0 5.36
000370281-1 000370281 0 10.4
000370308-1 000370308 0 6.57
000370333-1 000370333 0.27 7.91
000370361-1 000370361 0 3.86
000370386-1 000370386 0 5.76
000370407-1 000370407 0 6.73
000370418-1 000370418 0 4.22
000370430-1 000370430 0 6.36
000370452-1 000370452 0 3.99
000370484-1 000370484 0 4.13
000380027-1 000380027 0.24 5.14
000380041-1 000380041 0 4.95
000380069-1 000380069 0 4.79
000380092-1 000380092 0 5.81
000380112-1 000380112 0 4.8
000380127-1 000380127 0 4.29
000380152-1 000380152 0 4.72
000380169-1 000380169 0 4.91
000380188-1 000380188 0 5.01
000380209-1 000380209 0 7.43
000380248-1 000380248 0 5.67
000380272-1 000380272 0 8.27
000380300-1 000380300 0 3.48
000380326-1 000380326 0 4.72
000380345-1 000380345 0 4.8
000380379-1 000380379 0 4.69
000380422-1 000380422 0 5.66
000380439-1 000380439 0 4.84
000380465-1 000380465 0 6.67
000380494-1 000380494 0 8.57
000390074-1 000390074 0.28 8.02
000390114-1 000390114 0 5.31
000390159-1 000390159 0 6.76
000390167-1 000390167 0.22 3.83
000390178-1 000390178 0 3.12
000390191-1 000390191 0 4.71
000390211-1 000390211 0.16 3.02
000390230-1 000390230 0.3 3.93
000390261-1 000390261 0.04 3.26
000390272-1 000390272 0.22 3.06
000390295-1 000390295 0 3.35
000390303-1 000390303 0 5.55
000390310-1 000390310 0.28 4.87
000390321-1 000390321 0.23 2.71
000390329-1 000390329 0 2.68
000390338-1 000390338 0 3.56
000390355-1 000390355 0.2 3.39
000390387-1 000390387 0 3.54
000390402-1 000390402 0.33 5.36
000390417-1 000390417 0 4.14
000390443-1 000390443 0.07 3.89
000390472-1 000390472 0.11 3.36
000400005-1 000400005 0.28 5.24
000400022-1 000400022 0 5.61
000400046-2 000400046 3 5.03
000400055-1 000400055 0 9.39
000400071-1 000400071 0 3.89
000400093-1 000400093 0.23 4.85
000400108-1 000400108 0 7.33
000400117-1 000400117 0 4.92
000400128-1 000400128 0.43 5.12
000400148-1 000400148 0 5.02
000400163-1 000400163 0 5.07
000400177-1 000400177 0 6.73
000400203-1 000400203 0 4.54
000400213-1 000400213 0 3.55
000400224-1 000400224 0 6.76
000400251-1 000400251 0.24 4.84
000400264-1 000400264 0 5
000400276-1 000400276 0.01 5.47
000400287-1 000400287 0 6.37
000400304-1 000400304 0 4.33
000400309-1 000400309 0 4.58
000400321-1 000400321 0.04 4.88
000400338-1 000400338 0 4.98
000400352-1 000400352 0 5.17
000400359-1 000400359 0 5.55
000400398-1 000400398 0 4.84
000400414-1 000400414 0 6.22
000400420-1 000400420 0 7.07
000400449-1 000400449 0.09 6.3
000400476-1 000400476 0 7.7
000400490-1 000400490 0 4.75
000410005-1 000410005 0 5.06
000410026-1 000410026 0 4.46
000410040-1 000410040 0.02 5.52
000410053-1 000410053 0 4.94
000410079-1 000410079 0.13 11.11
000410094-1 000410094 0 5.14
000410102-1 000410102 0 7.21
000410138-1 000410138 0 8.49
000410152-1 000410152 0 5.75
000410174-1 000410174 0 4.09
000410204-1 000410204 0.06 5.8
000410217-1 000410217 0.18 5.87
000410231-1 000410231 0.09 4.55
000410251-1 000410251 0 5.83
000410260-1 000410260 0 4.71
000410275-1 000410275 0.32 4.47
000410291-1 000410291 0 10.31
000410307-1 000410307 0 7.21
000410347-1 000410347 0.01 9.46
000410358-1 000410358 0.37 10.59
000410373-1 000410373 0.21 5.91
000410398-1 000410398 0 4.96
000410422-1 000410422 0 8.77
000410433-1 000410433 0 6.25
000410454-1 000410454 0.36 5.85
000410477-1 000410477 0 4.21
000410483-1 000410483 0.54 7.85
000420005-1 000420005 0 4.21
000420012-1 000420012 0 4.6
000420041-1 000420041 0 5.64
000420066-1 000420066 0.21 7.33
000420084-1 000420084 0 4.51
000420108-1 000420108 0.33 8.78
000420118-1 000420118 0.54 6.05
000420160-1 000420160 0.42 6.42
000420181-1 000420181 0 10.5
000420196-1 000420196 0.01 8.49
000420217-1 000420217 0 9.49
000420239-1 000420239 0 4.93
000420260-1 000420260 0.4 7.43
000420276-1 000420276 0 4.94
000420328-1 000420328 0.02 4.86
000420366-1 000420366 0 5.46
000420383-1 000420383 0 3.58
000420407-1 000420407 0.01 4.31
000420435-1 000420435 0.18 4.36
000420441-1 000420441 0 4.93
000420479-1 000420479 0 7.73
000420494-1 000420494 0 4.28
000430016-1 000430016 0.03 1.69
000430029-1 000430029 0 4.39
000430044-1 000430044 0 6.99
000430068-1 000430068 0 4.76
000430078-1 000430078 0 5.89
000430097-1 000430097 0 2.92
000430108-1 000430108 0 2.68
000430135-1 000430135 0 3.64
000430186-1 000430186 0 3.01
000430206-1 000430206 0 2.98
000430219-1 000430219 0 7
000430233-1 000430233 0 5.32
000430250-1 000430250 0.09 6.09
000430263-1 000430263 0 3.79
000430286-1 000430286 0 4.47
000430300-1 000430300 0 3.9
000430324-1 000430324 0 3.32
000430363-1 000430363 0 5.11
000430406-1 000430406 0.2 4.12
000430421-1 000430421 0 3.67
000430437-1 000430437 0 4.87
000430480-1 000430480 0 4.36
000440016-1 000440016 0 6.29
000440035-1 000440035 0 6.08
000440093-1 000440093 0 4.56
000440126-1 000440126 0 5.11
000440141-1 000440141 0 3.85
000440177-1 000440177 0 4.68
000440191-1 000440191 0 5.21
000440210-1 000440210 0 3.64
000440221-1 000440221 0 4.4
000440226-1 000440226 0.12 5.46
000440241-1 000440241 0.11 3.96
000440257-1 000440257 0 3.59
000440265-1 000440265 0 4.44
000440277-1 000440277 0 5.5
000440295-1 000440295 0.09 4.59
000440307-1 000440307 0 3.75
000440324-1 000440324 0 2.66
000440333-1 000440333 0 4.13
000440348-1 000440348 0 4.95
000440365-1 000440365 0 5.42
000440376-1 000440376 0 3.13
000440397-1 000440397 0 4.89
000440409-1 000440409 0 4.67
000440429-1 000440429 0 3.59
000440469-1 000440469 0 3.35
000440488-1 000440488 0 3.7
000450006-1 000450006 0.31 7.02
000450040-1 000450040 0.07 4.92
000450049-1 000450049 0.03 6.37
000450070-1 000450070 0.18 6.26
000450087-1 000450087 0.03 10.15
000450096-1 000450096 0 7.85
000450224-1 000450224 0.03 8.67
000450276-1 000450276 0 3.96
000450330-1 000450330 0 5.15
000450381-1 000450381 0.35 5.95
000450410-1 000450410 0.24 5.46
000450426-1 000450426 0 7.52
000450432-1 000450432 0.48 7.17
000450463-1 000450463 0 5.06
000450473-1 000450473 0.16 8.5
000450498-1 000450498 0.36 9.97
000460086-1 000460086 0.88 8.64
000460183-1 000460183 0 8.06
000460248-1 000460248 0 8.22
000460286-1 000460286 0 10.1
000460303-1 000460303 0 5.2
000460335-1 000460335 0 7.63
000460370-1 000460370 0 6.34
000460392-1 000460392 0.03 7.56
000460435-1 000460435 0 5.81
000460481-1 000460481 0 3.39
000470014-1 000470014 0 8.03
000470030-1 000470030 0.01 4.46
000470068-1 000470068 0.03 4.83
000470092-1 000470092 0.29 7.69
